0.0,0.0,0.81,0.8,0.81,0.8,0.83,0.81,0.89,0.9,0.86,0.85,0.84,0.86,0.85
0.0,0.0,0.8,0.82,0.81,0.82,0.84,0.86,0.8,0.83,0.84,0.82,0.85,0.89,0.89
0.0,0.0,0.81,0.81,0.8,0.82,0.84,0.83,0.89,0.83,0.86,0.85,0.88,0.86,0.87
0.0,0.0,0.81,0.8,0.82,0.8,0.85,0.87,0.87,0.86,0.85,0.87,0.86,0.9,0.87
0.0,0.0,0.82,0.81,0.81,0.8,0.84,0.82,0.85,0.86,0.85,0.82,0.85,0.91,0.89
0.0,0.0,0.82,0.81,0.81,0.81,0.8,0.82,0.88,0.85,0.84,0.89,0.85,0.88,0.87
0.0,0.0,0.8,0.8,0.82,0.82,0.8,0.85,0.8,0.83,0.81,0.83,0.89,0.83,0.91
0.0,0.0,0.8,0.81,0.81,0.81,0.84,0.82,0.84,0.87,0.88,0.84,0.88,0.83,0.86
0.0,0.0,0.82,0.8,0.8,0.8,0.81,0.84,0.83,0.84,0.87,0.87,0.91,0.85,0.91
0.0,0.0,0.81,0.8,0.82,0.81,0.82,0.83,0.88,0.82,0.84,0.87,0.91,0.83,0.87
0.0,0.0,0.8,0.81,0.81,0.81,0.81,0.82,0.82,0.82,0.85,0.84,0.84,0.84,0.81
0.0,0.0,0.81,0.81,0.82,0.8,0.82,0.81,0.83,0.82,0.85,0.85,0.83,0.87,0.83
0.0,0.0,0.8,0.82,0.83,0.81,0.81,0.82,0.81,0.86,0.82,0.88,0.91,0.84,0.84
0.0,0.0,0.81,0.82,0.8,0.81,0.85,0.86,0.87,0.84,0.89,0.86,0.87,0.84,0.86
0.0,0.0,0.81,0.81,0.81,0.82,0.81,0.84,0.83,0.87,0.87,0.82,0.81,0.93,0.9
0.0,0.0,0.8,0.8,0.8,0.81,0.82,0.82,0.85,0.84,0.92,0.83,0.81,0.84,0.86
0.0,0.0,0.8,0.8,0.81,0.81,0.82,0.81,0.83,0.84,0.86,0.83,0.91,0.83,0.86
0.0,0.0,0.81,0.81,0.81,0.83,0.81,0.84,0.84,0.84,0.8,0.88,0.85,0.83,0.86
0.0,0.0,0.8,0.8,0.81,0.81,0.8,0.83,0.81,0.81,0.91,0.88,0.89,0.87,0.86
0.0,0.0,0.81,0.8,0.8,0.82,0.84,0.84,0.89,0.9,0.87,0.85,0.84,0.84,0.87
0.0,0.0,0.8,0.8,0.83,0.82,0.85,0.82,0.83,0.87,0.92,0.82,0.91,0.82,0.86
0.0,0.0,0.81,0.81,0.83,0.8,0.82,0.83,0.87,0.8,0.82,0.9,0.84,0.87,0.91
0.0,0.0,0.81,0.82,0.81,0.81,0.85,0.82,0.85,0.84,0.85,0.92,0.9,0.88,0.81
0.0,0.0,0.81,0.8,0.81,0.81,0.82,0.85,0.82,0.83,0.91,0.85,0.89,0.86,0.88
0.0,0.0,0.81,0.82,0.82,0.82,0.8,0.84,0.84,0.83,0.86,0.87,0.86,0.87,0.9
0.0,0.0,0.8,0.8,0.81,0.81,0.82,0.81,0.83,0.86,0.84,0.83,0.85,0.84,0.89
0.0,0.0,0.81,0.8,0.82,0.81,0.83,0.86,0.87,0.85,0.89,0.87,0.87,0.87,0.88
0.0,0.0,0.81,0.8,0.81,0.82,0.85,0.82,0.84,0.84,0.86,0.88,0.88,0.9,0.82
0.0,0.0,0.81,0.8,0.81,0.81,0.83,0.83,0.81,0.82,0.84,0.84,0.84,0.88,0.87
0.0,0.0,0.81,0.8,0.82,0.81,0.83,0.83,0.82,0.88,0.89,0.84,0.94,0.82,0.89
0.0,0.0,0.81,0.82,0.8,0.81,0.81,0.83,0.81,0.9,0.9,0.85,0.81,0.86,0.84
0.0,0.0,0.81,0.8,0.8,0.81,0.82,0.82,0.85,0.87,0.81,0.86,0.82,0.84,0.82
0.0,0.0,0.8,0.81,0.82,0.81,0.83,0.84,0.83,0.89,0.88,0.83,0.87,0.87,0.85
0.0,0.0,0.82,0.8,0.82,0.82,0.81,0.84,0.83,0.87,0.91,0.86,0.85,0.89,0.89
0.0,0.0,0.81,0.81,0.81,0.81,0.82,0.83,0.84,0.85,0.85,0.86,0.86,0.89,0.87
0.0,0.0,0.81,0.81,0.83,0.8,0.82,0.82,0.83,0.86,0.87,0.89,0.88,0.91,0.91
0.0,0.0,0.81,0.81,0.81,0.81,0.81,0.8,0.87,0.82,0.9,0.83,0.88,0.88,0.88
0.0,0.0,0.82,0.82,0.81,0.81,0.82,0.81,0.89,0.87,0.84,0.85,0.82,0.84,0.83
0.0,0.0,0.8,0.8,0.82,0.8,0.81,0.84,0.87,0.83,0.87,0.85,0.97,0.82,0.91
0.0,0.0,0.82,0.8,0.81,0.82,0.83,0.82,0.82,0.86,0.82,0.82,0.88,0.9,0.82
0.0,0.0,0.8,0.8,0.8,0.81,0.82,0.82,0.81,0.85,0.84,0.85,0.92,0.83,0.82
0.0,0.0,0.82,0.8,0.81,0.82,0.86,0.8,0.84,0.88,0.87,0.85,0.84,0.87,0.83
0.0,0.0,0.81,0.8,0.82,0.82,0.82,0.85,0.82,0.85,0.9,0.82,0.91,0.84,0.9
0.0,0.0,0.8,0.8,0.82,0.81,0.84,0.82,0.88,0.87,0.86,0.89,0.86,0.86,0.86
0.0,0.0,0.82,0.81,0.8,0.82,0.85,0.81,0.81,0.84,0.92,0.87,0.83,0.81,0.81
0.0,0.0,0.81,0.81,0.82,0.81,0.83,0.85,0.84,0.81,0.87,0.84,0.87,0.84,0.89
0.0,0.0,0.81,0.81,0.81,0.8,0.87,0.83,0.83,0.82,0.86,0.81,0.85,0.86,0.85
0.0,0.0,0.8,0.81,0.81,0.81,0.82,0.83,0.84,0.81,0.82,0.82,0.84,0.85,0.88
0.0,0.0,0.81,0.8,0.82,0.81,0.84,0.81,0.84,0.81,0.82,0.81,0.82,0.86,0.86
0.0,0.0,0.81,0.8,0.82,0.82,0.84,0.82,0.92,0.85,0.86,0.88,0.86,0.81,0.9
0.0,0.0,0.81,0.82,0.81,0.81,0.87,0.84,0.84,0.83,0.84,0.84,0.82,0.9,0.9
0.0,0.0,0.81,0.81,0.81,0.82,0.81,0.84,0.85,0.89,0.83,0.85,0.86,0.82,0.94
0.0,0.0,0.8,0.8,0.8,0.81,0.86,0.8,0.83,0.88,0.87,0.89,0.88,0.86,0.83
0.0,0.0,0.81,0.81,0.82,0.81,0.83,0.82,0.84,0.82,0.88,0.8,0.87,0.81,0.83
0.0,0.0,0.8,0.81,0.81,0.81,0.82,0.82,0.86,0.82,0.88,0.88,0.86,0.83,0.9
0.0,0.0,0.8,0.8,0.82,0.82,0.82,0.83,0.84,0.82,0.84,0.87,0.84,0.88,0.85
0.0,0.0,0.8,0.81,0.81,0.82,0.82,0.84,0.83,0.84,0.95,0.86,0.88,0.87,0.88
0.0,0.0,0.81,0.81,0.82,0.8,0.82,0.83,0.84,0.86,0.83,0.82,0.87,0.87,0.89
0.0,0.0,0.81,0.82,0.82,0.81,0.8,0.81,0.84,0.82,0.88,0.87,0.84,0.89,0.92
0.0,0.0,0.8,0.81,0.8,0.82,0.84,0.84,0.83,0.84,0.81,0.89,0.85,0.84,0.82
0.0,0.0,0.81,0.81,0.82,0.81,0.85,0.81,0.83,0.82,0.93,0.83,0.84,0.87,0.85
0.0,0.0,0.81,0.82,0.81,0.8,0.82,0.84,0.86,0.86,0.83,0.83,0.9,0.89,0.91
0.0,0.0,0.8,0.81,0.81,0.81,0.82,0.85,0.84,0.85,0.91,0.85,0.84,0.85,0.89
0.0,0.0,0.81,0.81,0.82,0.8,0.83,0.8,0.88,0.84,0.86,0.89,0.87,0.83,0.85
0.0,0.0,0.8,0.8,0.8,0.83,0.82,0.81,0.82,0.88,0.86,0.84,0.87,0.86,0.87
0.0,0.0,0.81,0.81,0.83,0.81,0.83,0.85,0.84,0.87,0.89,0.86,0.86,0.83,0.88
0.0,0.0,0.8,0.8,0.81,0.82,0.82,0.83,0.81,0.82,0.92,0.83,0.85,0.85,0.85
0.0,0.0,0.81,0.81,0.81,0.8,0.83,0.8,0.88,0.81,0.85,0.8,0.9,0.86,0.87
0.0,0.0,0.82,0.8,0.82,0.81,0.82,0.82,0.85,0.83,0.84,0.82,0.86,0.86,0.9
0.0,0.0,0.81,0.8,0.8,0.82,0.84,0.84,0.84,0.87,0.9,0.84,0.85,0.83,0.83
0.0,0.0,0.81,0.81,0.81,0.8,0.82,0.82,0.84,0.87,0.86,0.86,0.87,0.84,0.85
0.0,0.0,0.81,0.81,0.81,0.82,0.85,0.85,0.84,0.84,0.86,0.83,0.86,0.87,0.91
0.0,0.0,0.81,0.81,0.8,0.82,0.83,0.84,0.82,0.86,0.85,0.91,0.86,0.86,0.87
0.0,0.0,0.8,0.81,0.82,0.81,0.88,0.81,0.86,0.86,0.86,0.85,0.88,0.83,0.91
0.0,0.0,0.82,0.8,0.81,0.81,0.83,0.82,0.89,0.88,0.83,0.83,0.86,0.84,0.93
0.0,0.0,0.8,0.81,0.81,0.8,0.85,0.83,0.83,0.85,0.84,0.83,0.86,0.91,0.85
0.0,0.0,0.81,0.81,0.81,0.82,0.82,0.83,0.81,0.86,0.9,0.87,0.89,0.88,0.84
0.0,0.0,0.8,0.81,0.82,0.81,0.85,0.84,0.87,0.85,0.87,0.81,0.83,0.89,0.87
0.0,0.0,0.81,0.82,0.8,0.82,0.82,0.81,0.89,0.83,0.85,0.88,0.83,0.84,0.84
0.0,0.0,0.81,0.8,0.81,0.8,0.88,0.84,0.87,0.85,0.84,0.86,0.84,0.82,0.93
0.0,0.0,0.82,0.81,0.82,0.81,0.83,0.82,0.92,0.87,0.93,0.84,0.86,0.88,0.86
0.0,0.0,0.81,0.81,0.81,0.82,0.83,0.81,0.82,0.84,0.82,0.86,0.87,0.86,0.85
0.0,0.0,0.81,0.81,0.83,0.82,0.82,0.81,0.84,0.85,0.82,0.84,0.85,0.86,0.83
0.0,0.0,0.81,0.81,0.81,0.82,0.81,0.83,0.84,0.82,0.86,0.83,0.87,0.85,0.87
0.0,0.0,0.8,0.8,0.8,0.81,0.8,0.83,0.83,0.87,0.84,0.84,0.86,0.89,0.93
0.0,0.0,0.81,0.8,0.8,0.82,0.84,0.81,0.84,0.89,0.89,0.86,0.83,0.86,0.85
0.0,0.0,0.81,0.81,0.81,0.81,0.84,0.81,0.84,0.86,0.84,0.87,0.87,0.87,0.87
0.0,0.0,0.81,0.82,0.8,0.82,0.83,0.84,0.85,0.81,0.94,0.83,0.87,0.89,0.87
0.0,0.0,0.8,0.81,0.82,0.82,0.84,0.84,0.9,0.86,0.82,0.9,0.82,0.85,0.93
0.0,0.0,0.81,0.81,0.81,0.83,0.85,0.81,0.83,0.89,0.83,0.87,0.85,0.89,0.87
0.0,0.0,0.81,0.81,0.81,0.82,0.82,0.83,0.84,0.84,0.8,0.88,0.89,0.93,0.87
0.0,0.0,0.82,0.82,0.81,0.8,0.82,0.82,0.85,0.83,0.86,0.9,0.86,0.86,0.94
0.0,0.0,0.81,0.81,0.82,0.82,0.84,0.88,0.87,0.85,0.85,0.84,0.89,0.87,0.88
0.0,0.0,0.81,0.8,0.81,0.8,0.84,0.81,0.83,0.84,0.89,0.85,0.86,0.91,0.91
0.0,0.0,0.81,0.8,0.8,0.8,0.82,0.85,0.88,0.81,0.84,0.88,0.84,0.89,0.88
0.0,0.0,0.81,0.81,0.82,0.81,0.81,0.83,0.86,0.86,0.88,0.83,0.83,0.84,0.88
0.0,0.0,0.82,0.8,0.82,0.81,0.81,0.81,0.82,0.81,0.89,0.86,0.89,0.89,0.85
0.0,0.0,0.81,0.8,0.81,0.82,0.85,0.85,0.88,0.84,0.81,0.87,0.93,0.82,0.86
0.0,0.0,0.8,0.81,0.82,0.81,0.82,0.83,0.87,0.82,0.86,0.83,0.88,0.89,0.94
0.0,0.0,0.8,0.8,0.81,0.82,0.83,0.82,0.84,0.87,0.89,0.82,0.86,0.82,0.94
