0.0,0.0,0.0,0.0,0.0,0.0,0.0,0.0,0.0,0.0,0.04,0.03,0.05,0.0,0.07
0.0,0.0,0.0,0.0,0.0,0.0,0.0,0.0,0.0,0.01,0.01,0.05,0.11,0.13,0.09
0.0,0.0,0.0,0.0,0.0,0.0,0.0,0.0,0.0,0.01,0.03,0.0,0.17,0.03,0.2
0.0,0.0,0.0,0.0,0.0,0.0,0.0,0.0,0.0,0.03,0.04,0.0,0.11,0.13,0.18
0.0,0.0,0.0,0.0,0.0,0.0,0.0,0.0,0.03,0.03,0.06,0.04,0.04,0.04,0.03
0.0,0.0,0.0,0.0,0.0,0.0,0.0,0.0,0.02,0.0,0.04,0.0,0.14,0.11,0.04
0.0,0.0,0.0,0.0,0.0,0.0,0.0,0.0,0.01,0.0,0.04,0.05,0.03,0.07,0.12
0.0,0.0,0.0,0.0,0.0,0.0,0.0,0.0,0.01,0.01,0.04,0.03,0.17,0.08,0.09
0.0,0.0,0.0,0.0,0.0,0.0,0.0,0.0,0.0,0.0,0.02,0.05,0.02,0.07,0.04
0.0,0.0,0.0,0.0,0.0,0.0,0.0,0.0,0.02,0.0,0.02,0.1,0.15,0.12,0.12
0.0,0.0,0.0,0.0,0.0,0.0,0.0,0.0,0.0,0.0,0.0,0.01,0.05,0.18,0.1
0.0,0.0,0.0,0.0,0.0,0.0,0.0,0.0,0.01,0.0,0.03,0.01,0.0,0.06,0.02
0.0,0.0,0.0,0.0,0.0,0.0,0.0,0.0,0.0,0.0,0.05,0.0,0.19,0.09,0.01
0.0,0.0,0.0,0.0,0.0,0.0,0.0,0.0,0.03,0.0,0.05,0.02,0.13,0.09,0.11
0.0,0.0,0.0,0.0,0.0,0.0,0.0,0.0,0.0,0.0,0.01,0.08,0.02,0.11,0.01
0.0,0.0,0.0,0.0,0.0,0.0,0.0,0.0,0.01,0.0,0.03,0.03,0.05,0.13,0.14
0.0,0.0,0.0,0.0,0.0,0.0,0.0,0.0,0.0,0.02,0.06,0.0,0.03,0.04,0.02
0.0,0.0,0.0,0.0,0.0,0.0,0.0,0.0,0.01,0.0,0.01,0.03,0.1,0.15,0.09
0.0,0.0,0.0,0.0,0.0,0.0,0.0,0.0,0.0,0.01,0.02,0.03,0.09,0.11,0.08
0.0,0.0,0.0,0.0,0.0,0.0,0.0,0.0,0.01,0.0,0.0,0.0,0.03,0.18,0.12
0.0,0.0,0.0,0.0,0.0,0.0,0.0,0.0,0.01,0.0,0.01,0.07,0.01,0.15,0.03
0.0,0.0,0.0,0.0,0.0,0.0,0.0,0.0,0.0,0.01,0.02,0.0,0.05,0.04,0.05
0.0,0.0,0.0,0.0,0.0,0.0,0.0,0.0,0.01,0.0,0.02,0.05,0.07,0.1,0.07
0.0,0.0,0.0,0.0,0.0,0.0,0.0,0.0,0.0,0.0,0.1,0.07,0.13,0.01,0.17
0.0,0.0,0.0,0.0,0.0,0.0,0.0,0.0,0.01,0.02,0.01,0.0,0.01,0.0,0.17
0.0,0.0,0.0,0.0,0.0,0.0,0.0,0.0,0.0,0.0,0.02,0.04,0.06,0.13,0.01
0.0,0.0,0.0,0.0,0.0,0.0,0.0,0.0,0.0,0.01,0.07,0.03,0.07,0.03,0.21
0.0,0.0,0.0,0.0,0.0,0.0,0.0,0.0,0.0,0.0,0.05,0.05,0.05,0.01,0.28
0.0,0.0,0.0,0.0,0.0,0.0,0.0,0.0,0.03,0.03,0.01,0.01,0.01,0.05,0.03
0.0,0.0,0.0,0.0,0.0,0.0,0.0,0.0,0.0,0.01,0.0,0.01,0.13,0.04,0.33
0.0,0.0,0.0,0.0,0.0,0.0,0.0,0.0,0.0,0.03,0.01,0.04,0.03,0.0,0.18
0.0,0.0,0.0,0.0,0.0,0.0,0.0,0.0,0.01,0.0,0.02,0.0,0.01,0.07,0.21
0.0,0.0,0.0,0.0,0.0,0.0,0.0,0.0,0.0,0.02,0.01,0.02,0.08,0.07,0.02
0.0,0.0,0.0,0.0,0.0,0.0,0.0,0.0,0.02,0.0,0.0,0.03,0.03,0.16,0.08
0.0,0.0,0.0,0.0,0.0,0.0,0.0,0.0,0.0,0.0,0.02,0.01,0.01,0.08,0.12
0.0,0.0,0.0,0.0,0.0,0.0,0.0,0.0,0.0,0.0,0.05,0.07,0.12,0.06,0.04
0.0,0.0,0.0,0.0,0.0,0.0,0.0,0.0,0.0,0.02,0.03,0.08,0.09,0.05,0.17
0.0,0.0,0.0,0.0,0.0,0.0,0.0,0.0,0.01,0.02,0.03,0.05,0.16,0.01,0.06
0.0,0.0,0.0,0.0,0.0,0.0,0.0,0.0,0.0,0.0,0.0,0.05,0.06,0.04,0.14
0.0,0.0,0.0,0.0,0.0,0.0,0.0,0.0,0.0,0.0,0.03,0.0,0.03,0.03,0.0
0.0,0.0,0.0,0.0,0.0,0.0,0.0,0.0,0.0,0.01,0.03,0.02,0.06,0.06,0.12
0.0,0.0,0.0,0.0,0.0,0.0,0.0,0.0,0.0,0.01,0.03,0.04,0.05,0.08,0.19
0.0,0.0,0.0,0.0,0.0,0.0,0.0,0.0,0.0,0.0,0.0,0.03,0.01,0.05,0.25
0.0,0.0,0.0,0.0,0.0,0.0,0.0,0.0,0.0,0.0,0.03,0.05,0.12,0.1,0.25
0.0,0.0,0.0,0.0,0.0,0.0,0.0,0.0,0.01,0.01,0.0,0.03,0.08,0.14,0.05
0.0,0.0,0.0,0.0,0.0,0.0,0.0,0.0,0.01,0.01,0.02,0.0,0.06,0.09,0.1
0.0,0.0,0.0,0.0,0.0,0.0,0.0,0.0,0.01,0.0,0.03,0.01,0.01,0.01,0.04
0.0,0.0,0.0,0.0,0.0,0.0,0.0,0.0,0.03,0.01,0.0,0.01,0.16,0.02,0.12
0.0,0.0,0.0,0.0,0.0,0.0,0.0,0.0,0.01,0.0,0.03,0.08,0.05,0.02,0.11
0.0,0.0,0.0,0.0,0.0,0.0,0.0,0.0,0.01,0.0,0.04,0.08,0.02,0.1,0.09
0.0,0.0,0.0,0.0,0.0,0.0,0.0,0.0,0.03,0.02,0.1,0.02,0.04,0.17,0.13
0.0,0.0,0.0,0.0,0.0,0.0,0.0,0.0,0.0,0.0,0.01,0.04,0.1,0.03,0.1
0.0,0.0,0.0,0.0,0.0,0.0,0.0,0.0,0.0,0.01,0.03,0.02,0.04,0.0,0.03
0.0,0.0,0.0,0.0,0.0,0.0,0.0,0.0,0.01,0.02,0.05,0.05,0.08,0.02,0.31
0.0,0.0,0.0,0.0,0.0,0.0,0.0,0.0,0.0,0.01,0.0,0.0,0.05,0.19,0.07
0.0,0.0,0.0,0.0,0.0,0.0,0.0,0.0,0.0,0.03,0.05,0.0,0.05,0.1,0.01
0.0,0.0,0.0,0.0,0.0,0.0,0.0,0.0,0.02,0.0,0.02,0.0,0.02,0.05,0.04
0.0,0.0,0.0,0.0,0.0,0.0,0.0,0.0,0.0,0.0,0.06,0.04,0.07,0.04,0.1
0.0,0.0,0.0,0.0,0.0,0.0,0.0,0.0,0.0,0.01,0.02,0.0,0.03,0.03,0.03
0.0,0.0,0.0,0.0,0.0,0.0,0.0,0.0,0.0,0.0,0.04,0.05,0.14,0.06,0.26
0.0,0.0,0.0,0.0,0.0,0.0,0.0,0.0,0.0,0.0,0.01,0.08,0.07,0.07,0.26
0.0,0.0,0.0,0.0,0.0,0.0,0.0,0.0,0.0,0.0,0.03,0.02,0.04,0.05,0.22
0.0,0.0,0.0,0.0,0.0,0.0,0.0,0.0,0.0,0.01,0.04,0.03,0.1,0.03,0.03
0.0,0.0,0.0,0.0,0.0,0.0,0.0,0.0,0.0,0.0,0.02,0.02,0.21,0.07,0.01
0.0,0.0,0.0,0.0,0.0,0.0,0.0,0.0,0.0,0.01,0.01,0.02,0.09,0.06,0.06
0.0,0.0,0.0,0.0,0.0,0.0,0.0,0.0,0.0,0.01,0.0,0.04,0.03,0.01,0.07
0.0,0.0,0.0,0.0,0.0,0.0,0.0,0.0,0.01,0.0,0.02,0.02,0.1,0.05,0.19
0.0,0.0,0.0,0.0,0.0,0.0,0.0,0.0,0.0,0.01,0.04,0.01,0.05,0.04,0.06
0.0,0.0,0.0,0.0,0.0,0.0,0.0,0.0,0.01,0.0,0.03,0.01,0.01,0.08,0.2
0.0,0.0,0.0,0.0,0.0,0.0,0.0,0.0,0.0,0.02,0.03,0.05,0.01,0.01,0.01
0.0,0.0,0.0,0.0,0.0,0.0,0.0,0.0,0.01,0.0,0.06,0.06,0.09,0.04,0.1
0.0,0.0,0.0,0.0,0.0,0.0,0.0,0.0,0.0,0.02,0.0,0.0,0.08,0.1,0.06
0.0,0.0,0.0,0.0,0.0,0.0,0.0,0.0,0.0,0.0,0.03,0.06,0.08,0.12,0.11
0.0,0.0,0.0,0.0,0.0,0.0,0.0,0.0,0.01,0.03,0.03,0.0,0.02,0.03,0.04
0.0,0.0,0.0,0.0,0.0,0.0,0.0,0.0,0.01,0.0,0.0,0.05,0.06,0.06,0.19
0.0,0.0,0.0,0.0,0.0,0.0,0.0,0.0,0.0,0.0,0.05,0.07,0.14,0.01,0.04
0.0,0.0,0.0,0.0,0.0,0.0,0.0,0.0,0.0,0.0,0.05,0.11,0.09,0.16,0.15
0.0,0.0,0.0,0.0,0.0,0.0,0.0,0.0,0.0,0.01,0.02,0.05,0.01,0.1,0.3
0.0,0.0,0.0,0.0,0.0,0.0,0.0,0.0,0.0,0.0,0.02,0.13,0.1,0.02,0.12
0.0,0.0,0.0,0.0,0.0,0.0,0.0,0.0,0.02,0.01,0.02,0.05,0.15,0.04,0.27
0.0,0.0,0.0,0.0,0.0,0.0,0.0,0.0,0.0,0.03,0.0,0.03,0.06,0.04,0.02
0.0,0.0,0.0,0.0,0.0,0.0,0.0,0.0,0.0,0.0,0.09,0.04,0.25,0.07,0.05
0.0,0.0,0.0,0.0,0.0,0.0,0.0,0.0,0.0,0.01,0.03,0.09,0.09,0.06,0.01
0.0,0.0,0.0,0.0,0.0,0.0,0.0,0.0,0.02,0.0,0.02,0.01,0.04,0.12,0.13
0.0,0.0,0.0,0.0,0.0,0.0,0.0,0.0,0.03,0.0,0.02,0.01,0.11,0.01,0.02
0.0,0.0,0.0,0.0,0.0,0.0,0.0,0.0,0.0,0.0,0.03,0.06,0.14,0.02,0.17
0.0,0.0,0.0,0.0,0.0,0.0,0.0,0.0,0.0,0.01,0.01,0.05,0.07,0.02,0.07
0.0,0.0,0.0,0.0,0.0,0.0,0.0,0.0,0.01,0.0,0.07,0.03,0.08,0.09,0.14
0.0,0.0,0.0,0.0,0.0,0.0,0.0,0.0,0.01,0.01,0.04,0.01,0.07,0.17,0.21
0.0,0.0,0.0,0.0,0.0,0.0,0.0,0.0,0.0,0.0,0.02,0.03,0.03,0.05,0.21
0.0,0.0,0.0,0.0,0.0,0.0,0.0,0.0,0.0,0.02,0.04,0.07,0.05,0.09,0.06
0.0,0.0,0.0,0.0,0.0,0.0,0.0,0.0,0.01,0.01,0.05,0.04,0.06,0.04,0.09
0.0,0.0,0.0,0.0,0.0,0.0,0.0,0.0,0.0,0.0,0.04,0.0,0.16,0.08,0.17
0.0,0.0,0.0,0.0,0.0,0.0,0.0,0.0,0.0,0.0,0.02,0.0,0.0,0.05,0.0
0.0,0.0,0.0,0.0,0.0,0.0,0.0,0.0,0.02,0.03,0.05,0.03,0.07,0.02,0.02
0.0,0.0,0.0,0.0,0.0,0.0,0.0,0.0,0.01,0.0,0.05,0.07,0.23,0.06,0.04
0.0,0.0,0.0,0.0,0.0,0.0,0.0,0.0,0.0,0.01,0.03,0.04,0.06,0.02,0.19
0.0,0.0,0.0,0.0,0.0,0.0,0.0,0.0,0.0,0.0,0.02,0.03,0.14,0.12,0.16
0.0,0.0,0.0,0.0,0.0,0.0,0.0,0.0,0.01,0.0,0.03,0.04,0.06,0.02,0.09
0.0,0.0,0.0,0.0,0.0,0.0,0.0,0.0,0.01,0.0,0.01,0.01,0.08,0.1,0.07
