0.0,0.0,0.0,0.0,0.0,0.74,0.736,0.739,0.737,0.744,0.753,0.785,0.776,0.801,0.768
0.0,0.0,0.0,0.0,0.0,0.744,0.738,0.753,0.744,0.757,0.76,0.769,0.767,0.795,0.765
0.0,0.0,0.0,0.0,0.0,0.744,0.739,0.742,0.742,0.758,0.751,0.762,0.771,0.809,0.829
0.0,0.0,0.0,0.0,0.0,0.74,0.74,0.744,0.744,0.756,0.735,0.757,0.758,0.744,0.795
0.0,0.0,0.0,0.0,0.0,0.744,0.732,0.75,0.735,0.744,0.759,0.78,0.763,0.787,0.815
0.0,0.0,0.0,0.0,0.0,0.732,0.744,0.736,0.739,0.751,0.756,0.754,0.743,0.781,0.786
0.0,0.0,0.0,0.0,0.0,0.743,0.747,0.737,0.733,0.753,0.753,0.774,0.778,0.788,0.759
0.0,0.0,0.0,0.0,0.0,0.74,0.748,0.743,0.738,0.749,0.75,0.768,0.793,0.775,0.775
0.0,0.0,0.0,0.0,0.0,0.744,0.732,0.734,0.733,0.761,0.757,0.794,0.781,0.778,0.772
0.0,0.0,0.0,0.0,0.0,0.748,0.74,0.744,0.742,0.763,0.755,0.769,0.76,0.789,0.804
0.0,0.0,0.0,0.0,0.0,0.744,0.74,0.737,0.734,0.746,0.76,0.768,0.774,0.804,0.762
0.0,0.0,0.0,0.0,0.0,0.738,0.736,0.75,0.75,0.753,0.744,0.777,0.793,0.758,0.79
0.0,0.0,0.0,0.0,0.0,0.74,0.744,0.741,0.738,0.751,0.752,0.744,0.799,0.799,0.746
0.0,0.0,0.0,0.0,0.0,0.732,0.744,0.752,0.738,0.757,0.754,0.787,0.759,0.781,0.835
0.0,0.0,0.0,0.0,0.0,0.739,0.744,0.733,0.742,0.76,0.745,0.767,0.776,0.792,0.79
0.0,0.0,0.0,0.0,0.0,0.742,0.738,0.74,0.744,0.762,0.753,0.744,0.767,0.753,0.772
0.0,0.0,0.0,0.0,0.0,0.732,0.752,0.742,0.749,0.756,0.756,0.763,0.782,0.759,0.765
0.0,0.0,0.0,0.0,0.0,0.732,0.739,0.753,0.738,0.751,0.749,0.765,0.771,0.822,0.82
0.0,0.0,0.0,0.0,0.0,0.736,0.743,0.749,0.753,0.754,0.756,0.758,0.758,0.774,0.809
0.0,0.0,0.0,0.0,0.0,0.743,0.742,0.742,0.75,0.746,0.751,0.785,0.779,0.761,0.767
0.0,0.0,0.0,0.0,0.0,0.74,0.74,0.746,0.733,0.758,0.746,0.771,0.767,0.768,0.763
0.0,0.0,0.0,0.0,0.0,0.735,0.748,0.734,0.743,0.751,0.741,0.788,0.761,0.782,0.768
0.0,0.0,0.0,0.0,0.0,0.739,0.74,0.735,0.738,0.744,0.748,0.752,0.782,0.812,0.767
0.0,0.0,0.0,0.0,0.0,0.738,0.75,0.745,0.737,0.75,0.746,0.758,0.77,0.82,0.801
0.0,0.0,0.0,0.0,0.0,0.744,0.739,0.747,0.743,0.74,0.745,0.762,0.761,0.776,0.783
0.0,0.0,0.0,0.0,0.0,0.747,0.732,0.736,0.735,0.752,0.754,0.75,0.793,0.768,0.773
0.0,0.0,0.0,0.0,0.0,0.752,0.744,0.742,0.741,0.762,0.739,0.778,0.758,0.745,0.79
0.0,0.0,0.0,0.0,0.0,0.736,0.748,0.743,0.751,0.75,0.757,0.776,0.789,0.779,0.794
0.0,0.0,0.0,0.0,0.0,0.74,0.748,0.742,0.741,0.744,0.745,0.766,0.758,0.782,0.782
0.0,0.0,0.0,0.0,0.0,0.74,0.732,0.743,0.75,0.757,0.752,0.781,0.765,0.775,0.794
0.0,0.0,0.0,0.0,0.0,0.732,0.743,0.742,0.742,0.744,0.739,0.772,0.764,0.782,0.765
0.0,0.0,0.0,0.0,0.0,0.74,0.744,0.749,0.735,0.769,0.753,0.78,0.766,0.768,0.758
0.0,0.0,0.0,0.0,0.0,0.744,0.747,0.737,0.74,0.75,0.759,0.773,0.757,0.773,0.769
0.0,0.0,0.0,0.0,0.0,0.747,0.744,0.738,0.749,0.747,0.759,0.782,0.777,0.777,0.78
0.0,0.0,0.0,0.0,0.0,0.74,0.74,0.732,0.751,0.753,0.758,0.782,0.762,0.762,0.769
0.0,0.0,0.0,0.0,0.0,0.732,0.741,0.738,0.745,0.765,0.756,0.755,0.752,0.784,0.76
0.0,0.0,0.0,0.0,0.0,0.74,0.732,0.741,0.735,0.76,0.761,0.771,0.768,0.814,0.792
0.0,0.0,0.0,0.0,0.0,0.739,0.736,0.743,0.747,0.749,0.754,0.755,0.754,0.78,0.752
0.0,0.0,0.0,0.0,0.0,0.743,0.732,0.75,0.745,0.751,0.738,0.767,0.789,0.769,0.752
0.0,0.0,0.0,0.0,0.0,0.744,0.74,0.732,0.747,0.759,0.759,0.759,0.75,0.807,0.809
0.0,0.0,0.0,0.0,0.0,0.732,0.74,0.743,0.745,0.744,0.759,0.767,0.777,0.771,0.781
0.0,0.0,0.0,0.0,0.0,0.732,0.74,0.749,0.747,0.756,0.747,0.76,0.779,0.793,0.769
0.0,0.0,0.0,0.0,0.0,0.748,0.74,0.744,0.745,0.753,0.743,0.766,0.752,0.792,0.785
0.0,0.0,0.0,0.0,0.0,0.746,0.732,0.746,0.752,0.753,0.744,0.772,0.779,0.759,0.765
0.0,0.0,0.0,0.0,0.0,0.732,0.744,0.747,0.735,0.744,0.751,0.806,0.784,0.773,0.76
0.0,0.0,0.0,0.0,0.0,0.748,0.752,0.746,0.741,0.748,0.758,0.766,0.781,0.764,0.781
0.0,0.0,0.0,0.0,0.0,0.744,0.739,0.741,0.747,0.764,0.753,0.757,0.775,0.776,0.763
0.0,0.0,0.0,0.0,0.0,0.732,0.74,0.744,0.74,0.754,0.752,0.776,0.76,0.758,0.788
0.0,0.0,0.0,0.0,0.0,0.744,0.752,0.741,0.743,0.749,0.743,0.792,0.779,0.752,0.81
0.0,0.0,0.0,0.0,0.0,0.744,0.739,0.746,0.74,0.739,0.763,0.79,0.759,0.766,0.763
0.0,0.0,0.0,0.0,0.0,0.744,0.752,0.737,0.738,0.759,0.746,0.771,0.79,0.76,0.787
0.0,0.0,0.0,0.0,0.0,0.739,0.747,0.735,0.738,0.745,0.752,0.776,0.773,0.782,0.791
0.0,0.0,0.0,0.0,0.0,0.738,0.739,0.736,0.746,0.757,0.757,0.766,0.765,0.817,0.793
0.0,0.0,0.0,0.0,0.0,0.739,0.739,0.739,0.74,0.75,0.754,0.779,0.791,0.737,0.789
0.0,0.0,0.0,0.0,0.0,0.743,0.744,0.735,0.742,0.757,0.761,0.762,0.75,0.776,0.802
0.0,0.0,0.0,0.0,0.0,0.748,0.748,0.744,0.742,0.76,0.757,0.765,0.774,0.748,0.776
0.0,0.0,0.0,0.0,0.0,0.74,0.738,0.747,0.733,0.755,0.754,0.768,0.775,0.749,0.774
0.0,0.0,0.0,0.0,0.0,0.744,0.744,0.74,0.744,0.747,0.746,0.768,0.77,0.808,0.8
0.0,0.0,0.0,0.0,0.0,0.732,0.743,0.734,0.753,0.756,0.752,0.765,0.758,0.748,0.775
0.0,0.0,0.0,0.0,0.0,0.732,0.74,0.749,0.747,0.742,0.752,0.76,0.752,0.811,0.747
0.0,0.0,0.0,0.0,0.0,0.744,0.752,0.746,0.747,0.748,0.752,0.751,0.793,0.787,0.788
0.0,0.0,0.0,0.0,0.0,0.752,0.738,0.749,0.746,0.76,0.756,0.781,0.789,0.774,0.772
0.0,0.0,0.0,0.0,0.0,0.744,0.744,0.741,0.736,0.745,0.753,0.75,0.778,0.789,0.792
0.0,0.0,0.0,0.0,0.0,0.744,0.74,0.737,0.749,0.751,0.754,0.755,0.793,0.792,0.791
0.0,0.0,0.0,0.0,0.0,0.732,0.74,0.748,0.74,0.748,0.758,0.772,0.786,0.825,0.783
0.0,0.0,0.0,0.0,0.0,0.738,0.744,0.742,0.731,0.766,0.757,0.78,0.764,0.786,0.781
0.0,0.0,0.0,0.0,0.0,0.736,0.744,0.745,0.748,0.754,0.755,0.754,0.771,0.79,0.772
0.0,0.0,0.0,0.0,0.0,0.744,0.74,0.745,0.737,0.749,0.746,0.793,0.774,0.774,0.755
0.0,0.0,0.0,0.0,0.0,0.744,0.742,0.74,0.749,0.759,0.749,0.752,0.751,0.819,0.749
0.0,0.0,0.0,0.0,0.0,0.75,0.732,0.74,0.733,0.77,0.742,0.777,0.766,0.792,0.786
0.0,0.0,0.0,0.0,0.0,0.736,0.732,0.74,0.743,0.752,0.744,0.771,0.793,0.793,0.797
0.0,0.0,0.0,0.0,0.0,0.748,0.74,0.739,0.742,0.76,0.752,0.786,0.759,0.791,0.807
0.0,0.0,0.0,0.0,0.0,0.744,0.751,0.746,0.738,0.742,0.762,0.776,0.772,0.767,0.8
0.0,0.0,0.0,0.0,0.0,0.732,0.74,0.744,0.738,0.755,0.747,0.743,0.789,0.762,0.77
0.0,0.0,0.0,0.0,0.0,0.732,0.732,0.752,0.746,0.761,0.754,0.769,0.778,0.772,0.766
0.0,0.0,0.0,0.0,0.0,0.741,0.739,0.738,0.752,0.743,0.759,0.774,0.778,0.808,0.759
0.0,0.0,0.0,0.0,0.0,0.744,0.736,0.743,0.744,0.756,0.75,0.751,0.775,0.786,0.78
0.0,0.0,0.0,0.0,0.0,0.748,0.739,0.744,0.743,0.757,0.749,0.775,0.764,0.758,0.767
0.0,0.0,0.0,0.0,0.0,0.744,0.748,0.748,0.741,0.764,0.761,0.752,0.745,0.775,0.798
0.0,0.0,0.0,0.0,0.0,0.732,0.732,0.746,0.741,0.763,0.753,0.769,0.763,0.781,0.834
0.0,0.0,0.0,0.0,0.0,0.74,0.74,0.75,0.744,0.761,0.759,0.747,0.762,0.804,0.765
0.0,0.0,0.0,0.0,0.0,0.748,0.732,0.74,0.74,0.751,0.759,0.75,0.762,0.818,0.767
0.0,0.0,0.0,0.0,0.0,0.732,0.739,0.745,0.741,0.754,0.758,0.76,0.747,0.805,0.78
0.0,0.0,0.0,0.0,0.0,0.744,0.738,0.742,0.744,0.76,0.758,0.754,0.788,0.792,0.79
0.0,0.0,0.0,0.0,0.0,0.732,0.743,0.741,0.744,0.75,0.762,0.761,0.755,0.77,0.78
0.0,0.0,0.0,0.0,0.0,0.732,0.732,0.741,0.743,0.753,0.75,0.78,0.75,0.8,0.764
0.0,0.0,0.0,0.0,0.0,0.732,0.738,0.741,0.744,0.759,0.762,0.787,0.757,0.779,0.774
0.0,0.0,0.0,0.0,0.0,0.743,0.748,0.753,0.744,0.738,0.76,0.768,0.758,0.787,0.784
0.0,0.0,0.0,0.0,0.0,0.741,0.732,0.741,0.751,0.741,0.745,0.755,0.761,0.77,0.76
0.0,0.0,0.0,0.0,0.0,0.746,0.732,0.748,0.75,0.751,0.755,0.784,0.761,0.811,0.77
0.0,0.0,0.0,0.0,0.0,0.732,0.747,0.746,0.748,0.756,0.757,0.769,0.758,0.739,0.802
0.0,0.0,0.0,0.0,0.0,0.74,0.739,0.746,0.75,0.759,0.758,0.755,0.759,0.762,0.77
0.0,0.0,0.0,0.0,0.0,0.743,0.74,0.743,0.738,0.741,0.755,0.77,0.772,0.782,0.779
0.0,0.0,0.0,0.0,0.0,0.744,0.744,0.744,0.742,0.757,0.743,0.754,0.785,0.781,0.777
0.0,0.0,0.0,0.0,0.0,0.74,0.732,0.753,0.748,0.753,0.743,0.763,0.768,0.778,0.763
0.0,0.0,0.0,0.0,0.0,0.744,0.732,0.736,0.744,0.747,0.755,0.76,0.787,0.776,0.766
0.0,0.0,0.0,0.0,0.0,0.744,0.732,0.738,0.737,0.751,0.747,0.793,0.783,0.759,0.76
0.0,0.0,0.0,0.0,0.0,0.732,0.732,0.746,0.746,0.75,0.739,0.781,0.784,0.797,0.8
0.0,0.0,0.0,0.0,0.0,0.743,0.742,0.747,0.749,0.747,0.751,0.789,0.778,0.794,0.799
0.0,0.0,0.0,0.0,0.0,0.748,0.732,0.734,0.752,0.764,0.745,0.771,0.778,0.792,0.796
