0.0,0.0,0.0,0.0,0.0,0.0,0.0,0.0,0.0,0.0,0.002,0.005,0.009,0.039,0.011
0.0,0.0,0.0,0.0,0.0,0.0,0.0,0.0,0.0,0.001,0.002,0.007,0.006,0.014,0.05
0.0,0.0,0.0,0.0,0.0,0.0,0.0,0.0,0.0,0.001,0.002,0.001,0.005,0.033,0.007
0.0,0.0,0.0,0.0,0.0,0.0,0.0,0.0,0.0,0.002,0.0,0.007,0.021,0.033,0.011
0.0,0.0,0.0,0.0,0.0,0.0,0.0,0.0,0.0,0.004,0.001,0.007,0.018,0.006,0.019
0.0,0.0,0.0,0.0,0.0,0.0,0.0,0.0,0.0,0.003,0.003,0.002,0.003,0.015,0.002
0.0,0.0,0.0,0.0,0.0,0.0,0.0,0.0,0.0,0.001,0.005,0.01,0.014,0.041,0.024
0.0,0.0,0.0,0.0,0.0,0.0,0.0,0.0,0.0,0.003,0.002,0.006,0.01,0.031,0.021
0.0,0.0,0.0,0.0,0.0,0.0,0.0,0.0,0.0,0.002,0.001,0.011,0.002,0.023,0.036
0.0,0.0,0.0,0.0,0.0,0.0,0.0,0.0,0.0,0.004,0.0,0.002,0.002,0.017,0.04
0.0,0.0,0.0,0.0,0.0,0.0,0.0,0.0,0.0,0.001,0.0,0.012,0.009,0.047,0.021
0.0,0.0,0.0,0.0,0.0,0.0,0.0,0.0,0.0,0.002,0.002,0.011,0.006,0.017,0.011
0.0,0.0,0.0,0.0,0.0,0.0,0.0,0.0,0.0,0.0,0.001,0.016,0.003,0.017,0.033
0.0,0.0,0.0,0.0,0.0,0.0,0.0,0.0,0.0,0.0,0.001,0.001,0.003,0.007,0.028
0.0,0.0,0.0,0.0,0.0,0.0,0.0,0.0,0.0,0.002,0.0,0.005,0.005,0.02,0.029
0.0,0.0,0.0,0.0,0.0,0.0,0.0,0.0,0.0,0.005,0.001,0.024,0.009,0.027,0.018
0.0,0.0,0.0,0.0,0.0,0.0,0.0,0.0,0.0,0.001,0.001,0.019,0.006,0.027,0.039
0.0,0.0,0.0,0.0,0.0,0.0,0.0,0.0,0.0,0.002,0.003,0.02,0.021,0.008,0.012
0.0,0.0,0.0,0.0,0.0,0.0,0.0,0.0,0.0,0.003,0.0,0.006,0.008,0.018,0.014
0.0,0.0,0.0,0.0,0.0,0.0,0.0,0.0,0.0,0.0,0.0,0.005,0.005,0.018,0.037
0.0,0.0,0.0,0.0,0.0,0.0,0.0,0.0,0.0,0.003,0.003,0.0,0.012,0.023,0.021
0.0,0.0,0.0,0.0,0.0,0.0,0.0,0.0,0.0,0.004,0.0,0.008,0.017,0.035,0.02
0.0,0.0,0.0,0.0,0.0,0.0,0.0,0.0,0.0,0.005,0.0,0.01,0.017,0.014,0.037
0.0,0.0,0.0,0.0,0.0,0.0,0.0,0.0,0.0,0.0,0.001,0.02,0.003,0.028,0.035
0.0,0.0,0.0,0.0,0.0,0.0,0.0,0.0,0.0,0.001,0.003,0.02,0.004,0.027,0.016
0.0,0.0,0.0,0.0,0.0,0.0,0.0,0.0,0.0,0.001,0.002,0.011,0.002,0.017,0.005
0.0,0.0,0.0,0.0,0.0,0.0,0.0,0.0,0.0,0.001,0.0,0.007,0.002,0.034,0.028
0.0,0.0,0.0,0.0,0.0,0.0,0.0,0.0,0.0,0.002,0.0,0.009,0.013,0.013,0.011
0.0,0.0,0.0,0.0,0.0,0.0,0.0,0.0,0.0,0.0,0.0,0.003,0.008,0.089,0.015
0.0,0.0,0.0,0.0,0.0,0.0,0.0,0.0,0.0,0.003,0.001,0.003,0.015,0.015,0.049
0.0,0.0,0.0,0.0,0.0,0.0,0.0,0.0,0.0,0.003,0.003,0.019,0.016,0.01,0.047
0.0,0.0,0.0,0.0,0.0,0.0,0.0,0.0,0.0,0.001,0.003,0.007,0.003,0.034,0.006
0.0,0.0,0.0,0.0,0.0,0.0,0.0,0.0,0.0,0.003,0.0,0.014,0.003,0.001,0.033
0.0,0.0,0.0,0.0,0.0,0.0,0.0,0.0,0.0,0.005,0.0,0.01,0.005,0.009,0.024
0.0,0.0,0.0,0.0,0.0,0.0,0.0,0.0,0.0,0.0,0.001,0.008,0.013,0.035,0.018
0.0,0.0,0.0,0.0,0.0,0.0,0.0,0.0,0.0,0.003,0.004,0.005,0.008,0.004,0.035
0.0,0.0,0.0,0.0,0.0,0.0,0.0,0.0,0.0,0.001,0.002,0.01,0.004,0.021,0.022
0.0,0.0,0.0,0.0,0.0,0.0,0.0,0.0,0.0,0.001,0.003,0.008,0.005,0.01,0.0
0.0,0.0,0.0,0.0,0.0,0.0,0.0,0.0,0.0,0.0,0.001,0.017,0.004,0.039,0.048
0.0,0.0,0.0,0.0,0.0,0.0,0.0,0.0,0.0,0.001,0.001,0.005,0.008,0.048,0.012
0.0,0.0,0.0,0.0,0.0,0.0,0.0,0.0,0.0,0.001,0.003,0.011,0.001,0.02,0.013
0.0,0.0,0.0,0.0,0.0,0.0,0.0,0.0,0.0,0.001,0.001,0.006,0.009,0.055,0.059
0.0,0.0,0.0,0.0,0.0,0.0,0.0,0.0,0.0,0.002,0.004,0.012,0.006,0.036,0.004
0.0,0.0,0.0,0.0,0.0,0.0,0.0,0.0,0.0,0.005,0.0,0.012,0.012,0.081,0.019
0.0,0.0,0.0,0.0,0.0,0.0,0.0,0.0,0.0,0.002,0.0,0.004,0.012,0.014,0.008
0.0,0.0,0.0,0.0,0.0,0.0,0.0,0.0,0.0,0.001,0.003,0.014,0.005,0.049,0.055
0.0,0.0,0.0,0.0,0.0,0.0,0.0,0.0,0.0,0.001,0.003,0.003,0.017,0.015,0.038
0.0,0.0,0.0,0.0,0.0,0.0,0.0,0.0,0.0,0.003,0.002,0.027,0.009,0.034,0.023
0.0,0.0,0.0,0.0,0.0,0.0,0.0,0.0,0.0,0.002,0.002,0.007,0.006,0.006,0.013
0.0,0.0,0.0,0.0,0.0,0.0,0.0,0.0,0.0,0.002,0.001,0.019,0.004,0.021,0.016
0.0,0.0,0.0,0.0,0.0,0.0,0.0,0.0,0.0,0.0,0.004,0.004,0.01,0.044,0.008
0.0,0.0,0.0,0.0,0.0,0.0,0.0,0.0,0.0,0.001,0.005,0.005,0.008,0.007,0.012
0.0,0.0,0.0,0.0,0.0,0.0,0.0,0.0,0.0,0.002,0.003,0.008,0.01,0.035,0.047
0.0,0.0,0.0,0.0,0.0,0.0,0.0,0.0,0.0,0.001,0.002,0.006,0.016,0.005,0.008
0.0,0.0,0.0,0.0,0.0,0.0,0.0,0.0,0.0,0.003,0.0,0.006,0.002,0.035,0.031
0.0,0.0,0.0,0.0,0.0,0.0,0.0,0.0,0.0,0.004,0.003,0.026,0.005,0.027,0.006
0.0,0.0,0.0,0.0,0.0,0.0,0.0,0.0,0.0,0.002,0.002,0.006,0.006,0.021,0.004
0.0,0.0,0.0,0.0,0.0,0.0,0.0,0.0,0.0,0.0,0.003,0.006,0.008,0.048,0.019
0.0,0.0,0.0,0.0,0.0,0.0,0.0,0.0,0.0,0.002,0.003,0.014,0.006,0.026,0.011
0.0,0.0,0.0,0.0,0.0,0.0,0.0,0.0,0.0,0.001,0.002,0.008,0.02,0.017,0.06
0.0,0.0,0.0,0.0,0.0,0.0,0.0,0.0,0.0,0.004,0.001,0.001,0.002,0.038,0.06
0.0,0.0,0.0,0.0,0.0,0.0,0.0,0.0,0.0,0.0,0.0,0.008,0.0,0.043,0.035
0.0,0.0,0.0,0.0,0.0,0.0,0.0,0.0,0.0,0.004,0.004,0.005,0.002,0.028,0.037
0.0,0.0,0.0,0.0,0.0,0.0,0.0,0.0,0.0,0.0,0.0,0.014,0.012,0.036,0.018
0.0,0.0,0.0,0.0,0.0,0.0,0.0,0.0,0.0,0.0,0.004,0.023,0.017,0.042,0.083
0.0,0.0,0.0,0.0,0.0,0.0,0.0,0.0,0.0,0.003,0.003,0.006,0.001,0.016,0.007
0.0,0.0,0.0,0.0,0.0,0.0,0.0,0.0,0.0,0.002,0.004,0.009,0.005,0.03,0.026
0.0,0.0,0.0,0.0,0.0,0.0,0.0,0.0,0.0,0.0,0.002,0.007,0.008,0.043,0.004
0.0,0.0,0.0,0.0,0.0,0.0,0.0,0.0,0.0,0.002,0.0,0.01,0.005,0.033,0.015
0.0,0.0,0.0,0.0,0.0,0.0,0.0,0.0,0.0,0.001,0.005,0.009,0.011,0.02,0.035
0.0,0.0,0.0,0.0,0.0,0.0,0.0,0.0,0.0,0.002,0.001,0.008,0.012,0.013,0.007
0.0,0.0,0.0,0.0,0.0,0.0,0.0,0.0,0.0,0.001,0.003,0.011,0.012,0.03,0.014
0.0,0.0,0.0,0.0,0.0,0.0,0.0,0.0,0.0,0.0,0.002,0.002,0.006,0.022,0.021
0.0,0.0,0.0,0.0,0.0,0.0,0.0,0.0,0.0,0.0,0.002,0.015,0.015,0.033,0.031
0.0,0.0,0.0,0.0,0.0,0.0,0.0,0.0,0.0,0.001,0.0,0.006,0.006,0.042,0.001
0.0,0.0,0.0,0.0,0.0,0.0,0.0,0.0,0.0,0.002,0.0,0.015,0.005,0.024,0.013
0.0,0.0,0.0,0.0,0.0,0.0,0.0,0.0,0.0,0.003,0.0,0.01,0.003,0.013,0.031
0.0,0.0,0.0,0.0,0.0,0.0,0.0,0.0,0.0,0.001,0.001,0.017,0.013,0.02,0.006
0.0,0.0,0.0,0.0,0.0,0.0,0.0,0.0,0.0,0.001,0.004,0.003,0.007,0.024,0.024
0.0,0.0,0.0,0.0,0.0,0.0,0.0,0.0,0.0,0.001,0.0,0.019,0.006,0.031,0.04
0.0,0.0,0.0,0.0,0.0,0.0,0.0,0.0,0.0,0.004,0.001,0.006,0.01,0.03,0.048
0.0,0.0,0.0,0.0,0.0,0.0,0.0,0.0,0.0,0.001,0.0,0.01,0.012,0.05,0.02
0.0,0.0,0.0,0.0,0.0,0.0,0.0,0.0,0.0,0.0,0.004,0.021,0.031,0.014,0.026
0.0,0.0,0.0,0.0,0.0,0.0,0.0,0.0,0.0,0.004,0.002,0.004,0.011,0.029,0.025
0.0,0.0,0.0,0.0,0.0,0.0,0.0,0.0,0.0,0.0,0.003,0.009,0.005,0.035,0.043
0.0,0.0,0.0,0.0,0.0,0.0,0.0,0.0,0.0,0.001,0.001,0.0,0.011,0.029,0.035
0.0,0.0,0.0,0.0,0.0,0.0,0.0,0.0,0.0,0.003,0.004,0.002,0.014,0.012,0.036
0.0,0.0,0.0,0.0,0.0,0.0,0.0,0.0,0.0,0.001,0.001,0.004,0.007,0.011,0.004
0.0,0.0,0.0,0.0,0.0,0.0,0.0,0.0,0.0,0.0,0.003,0.006,0.017,0.026,0.045
0.0,0.0,0.0,0.0,0.0,0.0,0.0,0.0,0.0,0.001,0.001,0.01,0.004,0.031,0.02
0.0,0.0,0.0,0.0,0.0,0.0,0.0,0.0,0.0,0.0,0.005,0.009,0.004,0.017,0.027
0.0,0.0,0.0,0.0,0.0,0.0,0.0,0.0,0.0,0.003,0.0,0.018,0.011,0.027,0.009
0.0,0.0,0.0,0.0,0.0,0.0,0.0,0.0,0.0,0.003,0.001,0.021,0.009,0.017,0.016
0.0,0.0,0.0,0.0,0.0,0.0,0.0,0.0,0.0,0.001,0.0,0.003,0.012,0.012,0.023
0.0,0.0,0.0,0.0,0.0,0.0,0.0,0.0,0.0,0.003,0.003,0.007,0.009,0.012,0.03
0.0,0.0,0.0,0.0,0.0,0.0,0.0,0.0,0.0,0.005,0.004,0.006,0.011,0.018,0.01
0.0,0.0,0.0,0.0,0.0,0.0,0.0,0.0,0.0,0.001,0.0,0.023,0.006,0.056,0.005
0.0,0.0,0.0,0.0,0.0,0.0,0.0,0.0,0.0,0.0,0.001,0.008,0.009,0.01,0.008
0.0,0.0,0.0,0.0,0.0,0.0,0.0,0.0,0.0,0.003,0.001,0.021,0.001,0.028,0.002
0.0,0.0,0.0,0.0,0.0,0.0,0.0,0.0,0.0,0.003,0.0,0.01,0.028,0.015,0.031
