283,425,177,35,49,71,15,19,13,13,9,9,9,11,11,9,9,11,9,9,11,11,9,9,15,9,9,11,13,11,9,9,9,35,11,15,9,11,11,9,9,11,11,11,11,17,13,13,13,9
173,107,33,29,53,67,11,13,11,9,9,9,11,9,9,9,13,9,9,11,11,15,13,11,11,17,11,13,11,9,11,9,11,11,15,9,15,11,11,9,11,11,13,9,13,9,13,13,15,11
109,63,313,349,173,103,13,25,23,11,9,9,9,9,9,9,9,9,15,9,9,9,11,13,9,15,9,11,13,11,11,9,15,11,9,9,11,13,11,9,11,15,21,11,11,13,17,13,9,19
963,45,37,69,35,49,23,47,11,9,13,9,9,9,9,9,11,9,11,11,9,9,11,9,11,13,11,9,9,9,11,13,13,9,13,21,9,11,15,9,15,11,15,9,11,9,9,9,11,13
363,45,27,33,11,11,13,9,15,9,9,9,9,9,9,9,11,13,11,11,13,9,9,9,11,13,9,9,11,15,11,15,15,19,11,9,9,9,11,11,9,27,13,11,9,13,9,9,15,13
91,463,67,87,53,67,35,15,9,9,9,9,9,11,9,9,11,9,11,9,9,9,15,11,11,9,11,13,9,13,13,11,11,9,9,11,11,15,21,9,11,11,11,9,9,9,13,9,9,13
207,87,39,91,31,51,37,39,9,9,11,9,9,9,9,11,11,9,9,9,11,9,9,9,15,15,11,15,9,9,9,11,17,11,9,11,9,9,11,9,9,9,11,11,9,11,13,11,11,13
149,437,749,153,29,103,9,23,11,9,9,9,9,9,9,9,9,9,9,11,9,11,9,11,13,11,11,9,11,9,13,11,11,9,11,9,13,11,9,11,9,15,11,15,11,13,15,9,21,9
103,81,99,207,95,33,43,39,9,9,9,9,11,9,9,9,9,11,9,11,11,9,15,9,9,13,11,9,9,15,9,13,13,31,11,9,9,9,9,11,13,9,11,11,13,11,13,13,17,13
93,263,73,45,81,13,67,29,15,9,9,9,9,9,11,9,9,9,9,9,11,13,11,11,9,11,11,9,9,15,9,15,9,9,11,17,17,9,11,13,11,13,9,13,13,11,19,13,9,11
421,105,57,197,35,9,17,49,17,9,9,9,9,9,9,9,9,9,11,9,9,9,9,11,11,11,9,11,11,9,9,9,9,13,9,19,11,11,13,11,11,15,11,17,11,15,37,9,11,9
479,253,409,77,29,15,9,49,15,15,9,9,9,11,9,9,13,9,9,11,9,11,11,9,9,9,11,13,13,9,9,13,9,9,11,9,9,9,13,9,11,11,15,13,11,11,13,9,13,15
799,99,255,59,97,57,19,17,21,9,11,9,9,9,9,9,9,9,9,9,9,9,9,11,11,11,11,11,11,9,17,9,13,9,11,9,9,9,9,9,11,9,11,11,11,11,17,15,19,17
35,35,175,69,411,9,23,9,11,9,9,9,9,11,9,11,11,9,9,11,9,9,13,9,11,11,9,9,9,9,9,15,9,11,9,11,13,9,13,11,11,17,15,21,13,11,17,13,9,11
75,39,39,187,65,11,17,13,23,9,13,9,9,9,9,9,9,11,9,9,9,9,9,9,11,15,9,9,11,9,11,11,19,11,9,11,13,13,11,11,13,13,13,9,13,15,13,13,9,11
75,431,501,15,97,9,9,13,9,9,13,9,9,9,9,9,9,9,9,11,9,9,13,9,9,11,13,11,9,11,9,11,11,17,13,11,23,9,13,11,9,21,13,9,9,9,11,13,11,11
297,169,37,241,37,25,23,63,11,13,9,11,9,11,11,9,11,9,9,11,13,11,9,11,9,11,19,11,9,9,11,9,11,9,11,15,9,13,11,9,9,13,13,11,9,11,11,19,11,11
377,175,235,115,229,39,13,29,11,9,9,9,9,11,11,9,11,11,13,13,9,11,11,9,9,9,11,9,11,9,17,9,9,13,13,15,15,9,9,11,9,21,9,9,11,11,13,9,13,9
525,1000,1000,417,9,81,13,15,13,9,9,13,9,9,11,9,11,9,11,9,9,11,9,11,11,9,9,9,9,9,9,11,9,11,9,15,11,11,9,19,21,9,13,9,11,13,17,9,11,11
43,141,89,33,79,23,51,11,9,11,11,9,9,9,9,9,9,9,11,13,9,13,11,11,9,9,11,13,9,11,9,9,11,9,9,11,9,13,11,19,17,13,9,9,9,9,11,15,11,9
85,35,55,17,15,55,39,39,9,15,19,9,9,9,9,9,9,11,9,9,13,9,11,9,9,9,9,11,11,17,11,11,11,9,13,19,11,9,13,15,13,9,9,13,9,9,11,13,9,9
179,559,93,15,89,15,11,37,11,9,9,9,9,9,9,11,9,13,9,11,9,9,11,11,11,11,11,17,9,11,13,9,9,11,9,11,13,11,9,13,9,19,23,11,11,9,13,11,11,17
961,101,11,21,45,9,15,17,19,11,9,9,9,11,9,11,9,9,9,9,9,13,11,15,11,11,9,13,17,11,11,15,13,11,11,11,13,11,11,15,9,9,9,9,13,25,11,11,15,21
965,139,65,125,113,15,71,21,9,11,15,9,11,13,9,9,9,9,11,11,9,9,11,9,11,13,9,13,9,11,11,11,9,11,13,9,9,11,9,9,9,9,13,15,11,11,9,13,19,9
671,93,99,243,73,23,9,13,9,9,11,11,9,9,9,9,9,11,11,13,9,9,11,11,9,9,13,11,9,11,9,15,9,17,13,9,13,11,13,11,11,17,11,9,9,9,13,17,11,9
107,165,245,57,13,9,117,11,9,11,9,9,9,9,9,9,9,9,11,11,11,11,11,9,11,11,9,11,9,9,15,17,9,9,9,13,9,9,11,15,9,9,11,11,9,11,11,13,11,21
41,367,27,13,327,11,17,11,9,13,9,9,9,9,9,11,9,9,9,9,11,11,15,11,11,9,11,9,13,11,11,11,9,13,13,9,13,11,11,11,25,9,11,11,15,11,17,11,13,9
39,451,229,53,45,37,25,27,17,9,11,9,9,9,9,9,9,9,11,11,17,11,11,11,17,9,11,11,9,11,11,9,15,9,9,11,9,13,9,15,13,13,9,11,15,9,9,9,9,13
283,411,115,21,75,103,45,47,11,9,9,9,9,9,9,9,9,9,9,9,11,9,9,11,9,9,9,13,11,9,11,9,11,15,9,15,9,15,9,11,9,13,9,11,9,9,13,11,11,11
411,181,85,115,31,107,23,31,9,15,9,9,9,9,9,9,9,11,9,9,9,11,9,9,9,11,11,11,9,11,9,13,9,9,13,9,15,9,9,9,9,9,9,9,13,11,11,11,9,13
39,19,407,89,99,253,19,11,43,11,9,9,11,9,9,9,11,9,11,9,11,11,11,9,11,9,9,11,11,9,13,15,15,11,9,9,15,11,11,11,11,9,9,13,17,13,11,9,11,9
617,91,57,141,107,29,27,15,15,9,9,9,9,9,9,9,9,9,11,9,11,11,11,9,9,11,11,9,11,11,11,11,9,9,13,11,9,11,9,11,11,13,9,9,11,9,9,9,11,11
517,75,447,71,285,81,11,9,9,11,9,9,9,9,9,9,9,9,9,9,11,11,13,9,9,11,9,13,9,9,9,11,13,9,13,15,11,15,13,13,13,15,9,9,13,13,9,15,17,9
167,17,371,97,11,15,19,19,9,9,9,9,9,9,9,9,9,9,9,9,13,9,11,9,13,9,9,11,11,9,9,9,9,9,15,11,13,11,11,9,9,9,11,9,11,23,9,17,9,13
403,33,233,353,13,13,15,11,21,17,13,9,9,9,11,9,9,9,11,13,9,11,13,9,9,17,13,9,15,21,13,11,13,9,15,9,11,13,13,11,11,11,11,9,13,11,13,13,19,9
49,103,9,65,237,43,35,11,17,15,9,9,9,9,9,9,9,11,11,15,9,9,11,11,11,9,17,9,9,9,9,9,13,9,11,15,11,15,9,11,9,11,11,13,11,11,11,11,19,11
645,111,57,151,83,9,169,21,9,9,9,9,9,9,9,11,9,11,9,9,11,9,9,11,13,13,15,9,15,9,11,11,9,9,13,11,11,15,11,17,11,9,11,17,9,13,13,21,25,9
17,623,23,71,49,13,93,9,11,9,9,9,9,11,9,9,9,9,13,9,11,11,9,9,9,9,9,11,17,9,13,9,13,9,19,13,13,9,9,11,13,9,11,11,9,9,9,13,9,17
45,417,139,87,67,43,9,11,23,17,11,9,9,9,9,11,9,9,11,11,9,9,9,11,11,9,11,13,9,13,15,11,13,13,11,13,13,9,9,11,11,11,13,15,9,9,13,13,9,11
93,179,45,13,23,11,27,15,11,9,11,9,9,11,9,9,9,11,9,11,9,9,9,9,11,9,9,11,15,11,11,9,11,19,9,15,11,13,9,9,11,13,11,13,11,11,11,29,9,9
45,189,33,15,193,53,25,99,11,11,11,9,9,9,9,9,9,9,15,11,9,15,9,11,9,9,11,13,13,15,9,11,11,9,9,11,9,15,21,11,21,11,11,11,15,9,13,19,15,9
185,191,213,43,177,13,21,15,9,9,9,9,9,9,11,9,13,9,11,9,9,9,9,9,9,9,9,11,13,11,9,9,9,9,15,9,13,11,13,15,11,13,9,13,15,11,9,9,13,13
109,267,25,131,35,33,15,15,17,11,11,9,11,11,9,9,9,9,9,9,9,9,11,9,11,9,11,9,9,9,11,11,9,11,9,13,15,9,9,9,13,21,9,9,9,15,11,13,11,11
77,501,105,265,125,9,25,9,15,9,11,11,9,9,11,11,11,9,11,9,11,9,11,11,11,11,9,11,15,9,13,11,11,11,9,11,15,9,9,15,9,9,11,15,13,15,11,15,9,9
55,537,389,103,75,19,23,9,15,9,11,9,9,9,9,9,9,11,11,9,9,11,9,11,11,11,15,11,9,11,17,9,13,11,9,9,9,13,9,9,9,11,11,11,9,15,11,9,17,9
77,619,23,177,49,53,13,15,9,9,13,9,9,9,9,9,9,9,9,9,13,15,11,11,15,9,17,9,9,13,13,13,9,11,11,11,9,11,9,11,15,11,9,13,11,9,11,9,11,25
367,653,89,21,51,15,19,37,13,9,9,9,9,9,9,9,9,9,9,11,9,9,11,13,13,11,9,9,9,11,13,9,9,17,9,9,11,11,11,17,13,11,9,21,11,11,9,9,9,13
75,455,15,111,159,11,63,9,15,9,9,9,9,9,9,9,9,9,13,11,9,9,9,11,11,9,9,15,13,11,17,9,9,15,13,11,15,15,15,15,9,11,9,11,23,11,9,11,11,13
33,389,125,25,71,101,23,9,13,13,9,9,9,9,9,9,11,9,9,9,9,11,13,9,13,9,9,13,9,9,13,11,11,9,9,9,9,13,9,11,11,9,11,9,11,11,11,13,9,13
269,297,163,85,53,31,21,19,21,9,9,9,9,9,9,9,9,9,9,11,13,9,15,9,9,9,9,19,9,15,9,11,11,9,9,9,11,11,9,15,15,11,11,15,15,11,17,15,11,13
321,317,87,105,81,13,17,43,9,11,9,9,11,9,9,11,9,9,9,9,13,9,11,13,9,13,9,9,9,11,9,11,9,11,27,9,9,9,9,11,9,11,11,9,9,15,17,11,11,11
115,187,29,71,53,13,77,11,21,9,9,9,9,9,9,11,9,9,9,11,11,9,9,9,13,11,11,9,15,11,11,15,9,9,11,9,13,13,9,11,15,15,9,15,9,15,11,11,11,11
845,81,35,43,143,21,75,19,21,9,9,9,9,9,9,9,9,11,11,9,9,15,9,9,11,13,11,13,11,11,9,13,9,11,13,11,11,11,13,13,11,9,9,19,11,9,11,11,13,9
181,11,21,119,45,23,9,9,27,11,9,9,9,9,9,9,11,11,9,9,11,11,11,11,17,11,9,9,9,13,11,13,15,13,9,9,13,21,9,11,11,11,15,13,13,15,11,11,13,9
179,27,95,85,35,101,79,97,9,11,9,11,9,9,9,9,11,9,11,9,11,9,11,9,11,13,11,13,9,9,9,11,11,11,11,13,9,11,11,11,11,11,13,9,11,9,11,15,13,9
77,75,47,141,57,21,17,9,25,11,15,9,9,11,11,9,9,9,9,11,11,9,13,11,11,9,13,9,9,13,9,11,15,11,13,13,9,9,13,9,9,17,17,11,13,15,9,9,13,11
293,11,45,31,231,69,21,11,9,11,13,9,9,11,9,11,9,13,9,9,11,9,9,9,11,11,9,9,11,9,17,9,9,9,15,15,9,9,13,9,11,11,9,11,15,9,11,13,25,11
79,403,195,39,21,21,47,19,25,11,9,9,9,9,9,9,11,9,13,9,9,11,9,11,9,9,13,15,13,9,11,11,11,25,23,9,11,21,9,9,13,13,11,9,13,11,11,13,9,13
103,91,17,199,177,49,15,25,15,9,9,9,9,9,9,9,9,11,11,9,9,9,9,13,11,9,9,11,9,9,9,11,11,11,9,9,11,9,19,9,11,15,13,9,19,9,9,17,11,17
315,145,79,121,45,11,103,9,11,11,9,9,11,9,9,9,9,11,9,13,9,9,9,9,13,9,15,13,11,9,9,19,11,15,11,19,9,15,13,13,13,9,9,15,9,11,23,9,9,11
47,39,387,389,59,49,19,43,13,9,11,9,9,9,9,11,9,9,9,9,9,11,9,21,9,11,11,11,9,15,9,11,9,25,9,9,11,9,13,11,13,11,13,13,9,11,11,9,13,11
83,407,29,69,185,15,55,15,23,9,9,9,9,9,11,9,11,9,11,9,9,9,11,11,9,9,11,9,9,13,9,9,11,9,13,11,15,11,13,11,9,11,11,13,9,19,11,11,9,11
195,921,19,151,77,29,55,15,9,9,11,9,9,9,11,11,9,9,15,9,9,11,9,9,11,9,9,9,9,11,9,9,11,9,9,11,9,9,9,13,9,13,13,9,11,19,9,9,13,9
563,65,413,27,85,59,9,37,11,33,11,9,9,9,9,11,11,9,11,9,11,9,9,9,9,19,13,9,9,11,11,11,11,11,11,11,11,9,11,9,9,13,15,9,9,13,13,13,13,9
33,127,89,99,173,51,79,9,9,9,9,13,9,9,9,9,11,11,11,9,11,9,9,9,9,15,11,11,13,9,9,15,13,11,9,11,13,17,9,13,11,11,11,9,13,9,13,17,13,17
267,57,53,251,115,21,59,13,13,11,9,9,9,9,9,9,9,9,9,11,11,9,11,9,19,9,9,9,11,9,13,17,9,9,11,11,9,11,9,11,11,11,11,11,9,9,11,9,9,11
337,17,129,29,89,155,17,9,17,9,11,9,9,11,9,9,9,11,13,13,9,11,11,9,9,13,9,11,9,11,15,9,15,11,9,15,11,11,13,11,15,9,13,9,9,27,11,13,9,15
21,141,57,37,11,71,11,19,15,9,9,11,9,9,9,11,9,9,9,11,11,9,9,11,15,11,11,13,11,11,9,15,13,11,21,11,11,17,9,9,11,9,11,11,9,13,9,13,19,13
73,807,47,443,65,9,53,9,17,9,9,9,9,11,9,9,9,9,13,13,9,9,13,9,11,13,9,11,9,13,13,9,9,11,9,15,9,9,17,9,13,13,9,13,9,11,11,9,21,9
91,261,183,179,31,27,9,23,15,9,9,9,9,9,9,9,9,11,9,9,9,13,11,9,11,9,13,11,11,9,9,13,13,9,19,11,9,15,11,11,19,11,13,11,9,9,11,11,17,9
93,527,153,33,39,23,9,15,27,9,9,9,13,9,9,9,9,9,11,9,9,9,9,11,9,15,9,9,11,11,11,15,13,11,9,9,13,9,13,11,9,9,9,11,19,11,9,11,11,9
27,199,293,655,97,227,43,13,21,13,9,9,11,9,9,9,9,9,9,9,9,11,11,9,11,9,11,9,9,11,13,17,11,13,17,13,11,11,11,9,11,9,9,11,11,11,9,9,9,19
45,151,927,31,77,137,49,41,9,15,9,11,9,9,11,11,9,9,11,11,9,11,9,9,9,11,13,9,15,9,13,11,11,9,9,11,15,11,13,11,13,9,11,17,9,9,9,9,17,9
191,667,11,55,343,11,29,25,11,9,9,9,9,9,9,9,13,9,9,9,11,13,9,11,15,9,13,15,11,9,11,11,13,9,9,17,11,9,9,9,9,13,11,9,15,9,11,9,9,11
37,215,295,19,201,103,11,9,13,11,11,9,9,9,9,9,9,9,11,13,9,25,9,11,11,9,11,13,9,9,11,11,13,9,9,11,11,19,15,11,13,13,17,9,11,11,23,11,9,11
73,209,161,29,117,43,13,13,9,9,9,9,9,13,9,11,11,11,9,9,9,9,9,11,9,13,9,11,9,9,11,9,9,15,9,9,11,13,13,11,13,9,11,13,13,15,11,13,9,9
51,183,255,393,69,81,39,17,11,17,9,9,9,9,9,9,9,9,9,9,9,13,13,9,9,15,11,11,13,13,9,15,11,11,17,9,11,15,11,13,13,9,15,13,11,9,13,15,11,11
41,65,33,63,41,55,45,35,9,9,9,9,9,9,9,9,9,9,9,9,11,9,9,9,9,11,11,9,9,11,11,13,13,11,9,9,21,13,15,11,11,15,13,13,11,25,9,15,13,9
397,147,245,45,117,157,15,9,9,9,9,9,9,9,9,11,11,9,9,11,11,15,9,9,13,11,13,21,11,11,9,9,13,9,11,11,9,9,13,11,9,9,19,17,9,13,9,19,9,25
1000,79,43,145,11,19,13,11,9,9,11,9,9,9,9,11,11,11,9,15,9,11,9,11,9,11,13,9,13,9,11,9,11,11,11,9,9,9,9,11,11,15,27,11,11,13,17,13,13,11
85,151,259,83,11,23,21,15,13,11,9,11,9,9,9,9,9,9,9,11,13,9,11,11,13,13,9,9,9,11,9,9,11,9,19,15,9,19,11,9,13,13,11,13,9,11,35,11,9,15
103,31,401,629,23,121,11,11,11,9,11,9,9,9,9,11,9,11,15,11,11,9,9,11,9,11,11,11,11,11,9,13,11,11,11,11,9,9,9,13,9,9,11,9,17,11,11,9,17,15
35,87,113,21,123,39,25,33,13,9,9,9,9,9,11,11,9,9,9,11,9,9,9,9,11,13,9,15,9,9,9,9,9,15,9,15,15,9,13,11,11,9,15,13,9,9,11,11,13,11
123,11,51,343,103,13,9,13,9,11,9,9,9,9,9,9,9,9,9,13,11,11,13,13,9,13,11,9,9,11,15,15,11,11,11,9,9,13,13,11,11,13,13,13,11,15,11,23,13,11
663,31,45,57,117,29,83,15,13,27,9,9,11,9,9,9,9,9,15,9,9,11,13,9,13,11,19,15,11,11,13,11,9,13,9,11,13,11,9,11,31,11,9,9,11,13,11,21,9,11
133,135,223,75,11,47,15,43,9,11,9,9,9,9,9,9,15,11,13,11,11,9,9,9,11,9,9,9,9,11,9,11,9,11,11,9,9,13,13,9,11,9,13,9,13,11,17,9,11,13
267,33,37,9,41,49,35,21,15,13,9,9,9,13,9,9,9,9,11,11,9,11,17,9,11,11,9,11,15,9,13,11,11,9,9,13,9,11,11,9,13,17,13,11,9,11,9,11,17,11
141,457,185,475,11,55,57,27,9,9,9,9,11,9,11,9,11,9,9,13,11,9,15,11,11,11,13,9,11,15,15,9,9,9,9,25,9,13,9,9,15,13,11,9,25,11,15,13,21,11
403,191,491,293,141,43,9,23,9,9,9,9,9,9,9,9,9,9,9,9,11,11,9,11,9,11,13,9,11,9,11,13,11,13,9,9,17,17,9,9,9,11,9,9,11,9,13,11,11,9
163,107,65,69,9,231,39,9,27,11,9,9,11,9,9,11,11,11,9,9,11,9,11,9,11,9,13,9,11,9,11,11,9,11,13,9,13,9,13,9,9,17,13,11,9,9,11,15,13,15
297,23,159,149,39,163,21,31,11,11,9,9,9,9,9,9,9,15,9,9,9,11,9,11,15,11,9,11,11,9,9,13,9,13,13,11,11,11,11,17,11,9,9,21,9,13,9,13,9,9
33,437,291,85,223,19,11,9,9,9,9,9,9,9,9,9,9,11,11,9,9,11,11,11,21,9,9,23,11,13,15,9,9,15,11,11,9,13,19,11,11,13,13,9,11,9,11,9,11,9
171,257,259,119,69,127,13,55,9,9,11,9,9,9,9,9,11,11,9,11,11,11,13,9,11,11,9,13,11,13,13,9,11,11,11,9,9,11,15,11,9,9,21,9,19,15,9,9,13,9
147,107,257,71,259,25,15,27,27,11,11,9,9,9,9,11,9,15,9,9,9,9,9,11,13,11,11,13,11,9,11,9,11,9,9,11,9,9,9,9,11,13,11,15,15,17,15,11,11,9
233,65,107,13,55,51,35,29,15,9,9,11,9,9,9,11,9,11,9,9,11,9,19,9,9,11,9,9,11,11,13,13,9,9,13,9,17,9,13,11,11,11,13,13,13,9,9,19,9,17
41,295,61,155,17,45,39,9,9,9,9,9,9,9,9,9,9,9,9,9,9,9,11,11,13,11,11,21,11,9,11,11,9,9,11,9,11,11,15,9,11,9,11,9,11,9,9,9,13,11
103,73,213,231,55,141,23,21,9,9,9,9,11,9,9,9,9,11,9,11,11,11,11,9,13,11,9,9,9,13,9,9,9,11,13,13,9,25,15,11,11,17,9,9,13,11,9,11,13,17
19,69,413,29,271,53,13,65,31,9,9,11,11,9,9,9,11,9,9,9,9,11,9,13,11,9,9,9,9,11,9,9,13,9,19,11,11,9,9,15,13,13,11,13,13,9,11,9,9,15
57,253,63,437,9,99,183,15,21,11,9,11,11,9,9,9,9,9,9,9,9,9,15,9,9,17,9,9,11,9,11,17,13,9,13,13,15,9,11,11,11,13,9,11,11,11,9,11,13,11
261,741,43,103,73,145,11,9,11,11,9,9,9,9,9,9,9,9,11,13,13,9,11,11,13,9,11,11,11,11,9,11,13,11,9,11,11,11,11,11,11,11,9,13,19,11,9,11,9,11
