47,157,195,51,117,33,13,21,9,9,9,9,9,9,9,9,11,9,9,11,11,9,11,9,9,9,9,11,13,9,9,9,11,9,9,9,9,9,11,11,9,9,9,9,11,9,9,9,9,9
107,467,29,59,117,173,47,9,13,9,9,9,9,9,9,9,11,11,9,11,9,11,9,9,11,9,9,11,11,11,9,13,9,15,11,9,9,11,9,9,9,11,9,9,11,11,9,9,9,11
219,95,107,31,197,11,51,31,11,9,9,9,9,9,9,9,9,11,9,11,9,9,9,9,11,13,9,11,9,11,9,9,11,9,11,11,13,11,9,11,9,11,11,11,9,9,9,9,9,11
217,121,17,15,27,27,47,11,15,11,11,9,9,9,9,9,9,9,9,9,11,9,11,11,11,11,11,9,9,9,9,9,11,11,9,9,11,9,11,11,9,9,9,9,11,9,11,11,11,9
37,39,119,153,145,153,13,33,33,9,9,17,11,9,9,9,9,11,9,11,13,11,9,11,11,9,11,9,9,9,9,9,9,9,11,9,11,11,11,11,9,9,11,11,9,11,9,11,11,9
41,75,99,45,93,49,51,15,11,9,9,9,9,11,9,9,9,9,9,11,9,9,9,9,9,11,9,11,9,13,9,9,11,11,9,9,9,9,9,11,11,11,9,9,13,9,9,9,9,9
57,21,215,95,95,21,57,19,11,11,9,9,9,9,9,9,9,11,9,13,9,9,11,9,11,11,9,11,9,9,13,11,9,9,9,9,9,9,9,9,9,9,11,11,9,9,9,11,11,11
63,47,635,21,33,11,19,9,17,9,9,9,9,9,9,9,9,9,9,13,9,9,9,11,9,9,11,11,13,11,9,11,9,9,9,9,9,11,9,9,11,11,9,9,9,11,13,9,9,9
349,297,161,29,79,163,9,21,11,9,9,11,9,9,9,9,9,11,11,11,9,11,9,9,9,13,11,9,11,9,11,9,11,9,9,13,9,9,11,9,11,13,9,9,9,9,11,11,9,11
67,141,211,13,93,11,59,9,11,9,9,9,9,9,9,9,13,9,9,9,9,9,9,9,13,9,9,9,11,11,9,9,9,9,9,11,9,11,9,9,9,9,11,11,9,11,9,15,21,11
171,43,59,37,13,19,15,31,15,9,9,9,9,9,9,11,9,9,9,11,13,9,9,9,9,9,13,9,9,11,9,9,11,9,9,11,9,13,11,9,9,9,11,11,11,9,9,11,9,9
63,21,95,27,123,105,45,9,9,9,11,9,9,9,9,9,9,9,11,11,11,9,9,9,11,9,9,9,11,9,9,9,9,9,9,9,11,9,9,13,9,9,9,9,9,11,9,9,9,9
79,107,39,75,11,15,31,9,19,9,9,9,9,9,9,9,9,9,9,11,11,9,11,9,11,11,9,9,11,13,9,9,9,11,9,9,9,11,11,11,9,9,9,9,9,11,9,9,9,11
559,223,121,21,79,55,49,9,11,9,11,9,9,9,11,9,11,9,9,9,11,11,9,9,11,13,9,9,9,9,9,9,9,9,9,13,9,9,9,11,9,9,9,9,9,11,9,9,11,9
97,123,249,147,51,13,15,47,9,9,9,9,9,9,9,9,9,9,9,9,9,9,9,9,9,11,9,9,15,11,9,9,11,11,11,9,13,11,11,11,11,11,9,9,9,9,19,11,9,9
633,127,51,339,31,151,141,21,13,9,9,9,9,9,9,9,11,9,9,9,9,11,13,9,9,11,11,11,11,9,11,11,9,9,9,9,13,9,11,9,9,11,9,9,11,9,11,9,11,9
249,383,31,131,13,23,49,9,9,9,11,9,9,9,9,9,9,9,9,11,11,13,9,9,15,11,11,9,9,9,11,11,9,11,11,11,11,9,11,9,9,9,11,11,9,9,11,11,11,9
201,465,19,217,149,9,35,47,11,15,9,9,9,9,9,11,9,9,9,9,9,9,9,9,11,9,9,9,9,9,9,11,11,11,9,9,9,11,11,9,9,9,9,9,9,9,9,11,11,11
175,175,57,97,77,59,9,11,9,11,13,9,9,9,9,9,13,11,9,11,11,9,9,11,9,9,9,9,11,9,11,9,9,9,9,9,9,9,9,9,9,11,11,13,11,9,9,11,9,9
593,381,233,73,133,75,9,91,9,11,9,9,9,9,9,9,9,9,9,11,9,9,9,9,11,9,9,9,9,11,13,9,9,9,9,9,9,11,9,9,9,11,13,9,9,9,9,13,9,11
153,243,249,39,39,63,13,21,11,9,9,9,9,9,9,9,11,9,9,9,9,9,11,9,9,9,9,9,9,9,9,9,9,9,11,9,11,11,11,9,9,9,11,9,11,9,9,11,11,9
481,135,147,103,37,13,15,47,11,9,11,9,9,11,9,9,11,9,9,9,9,11,11,15,11,11,15,11,11,9,11,11,9,11,11,11,9,9,11,11,9,11,9,13,9,9,9,9,11,11
1000,135,323,363,157,105,25,39,9,9,11,9,9,9,9,9,9,11,11,11,11,9,9,11,11,9,9,13,13,11,11,9,9,11,15,9,9,11,11,9,9,13,9,9,9,11,9,9,11,9
129,47,161,69,19,11,13,9,21,9,11,9,9,9,9,9,9,9,9,9,9,11,9,9,9,11,9,9,11,11,9,9,11,9,9,9,11,11,11,11,19,9,11,9,11,9,9,9,9,9
137,169,145,121,287,49,35,9,11,9,9,11,9,9,9,9,9,11,9,9,9,9,11,11,9,11,9,11,9,9,11,9,13,9,11,9,11,9,9,11,9,11,9,9,11,9,9,9,9,9
61,217,17,131,9,13,39,15,9,9,9,11,9,9,11,9,9,11,9,11,9,9,9,15,13,11,9,11,11,9,9,9,9,11,13,9,9,9,11,15,9,11,9,9,9,11,9,9,11,9
357,75,135,125,25,27,59,51,11,9,9,9,9,9,9,9,9,9,9,9,11,11,15,11,11,9,9,11,9,11,9,9,11,11,9,9,11,9,11,11,9,11,11,9,9,11,9,11,11,9
87,55,33,93,15,35,33,17,13,9,9,9,9,9,9,9,9,9,9,9,9,9,11,11,9,13,11,9,9,9,9,11,11,9,9,11,11,9,11,9,11,9,15,9,9,11,9,11,9,9
51,109,97,45,21,9,11,13,13,11,9,9,9,9,9,9,9,9,9,9,9,9,11,11,11,11,9,9,9,9,9,9,9,11,9,11,9,9,9,9,11,11,9,11,11,9,11,11,11,9
857,53,395,33,95,13,21,9,9,9,9,9,9,9,9,9,11,13,11,9,11,11,9,9,13,11,9,11,9,15,9,9,9,9,9,9,9,9,11,11,9,9,9,11,9,11,11,9,11,9
13,131,185,163,293,17,13,35,29,9,13,9,9,9,9,9,11,9,9,11,11,11,9,9,11,9,11,9,9,9,11,9,9,11,13,9,9,11,9,11,11,9,11,13,9,9,9,9,9,11
165,121,209,389,15,27,33,9,19,11,9,9,9,9,9,9,9,9,11,11,13,9,9,9,9,11,9,9,9,11,9,9,11,13,9,11,11,11,9,11,11,9,11,9,9,11,9,11,11,9
33,113,33,15,243,33,19,41,11,9,11,9,9,11,9,11,9,9,13,9,11,9,9,9,9,13,11,9,9,11,9,9,11,9,9,11,11,9,11,9,9,9,9,9,9,9,9,15,11,9
145,45,251,61,43,9,13,13,11,9,11,9,9,9,11,11,11,9,9,9,9,9,9,11,9,9,11,11,9,9,11,9,9,9,13,13,9,11,9,9,9,13,11,13,9,9,11,11,9,11
149,11,109,85,51,47,35,9,9,9,11,9,9,9,9,11,9,9,9,9,11,9,9,9,11,9,11,9,9,13,11,11,9,9,9,11,9,11,11,9,11,11,11,11,9,9,11,11,11,11
119,679,35,61,21,31,115,11,9,13,9,9,9,9,9,9,13,11,9,11,9,9,9,13,11,9,11,11,9,9,9,9,9,9,11,11,11,9,9,11,11,9,9,9,11,9,9,9,9,11
103,67,99,25,107,19,51,9,19,9,9,11,9,11,9,9,9,9,9,9,11,9,9,9,15,9,13,11,11,9,11,11,11,9,11,9,11,11,13,11,9,11,9,11,9,11,9,9,19,11
111,579,13,85,97,37,15,9,17,9,13,9,9,9,9,9,9,9,11,9,9,9,9,9,13,9,9,9,9,9,9,11,9,9,9,9,9,11,9,9,11,11,11,11,9,9,9,11,11,11
37,271,169,181,219,169,37,39,9,9,11,9,9,9,9,9,11,9,9,9,9,9,11,9,15,11,9,15,9,11,9,11,11,9,11,9,9,9,9,13,9,9,15,11,11,9,11,11,9,11
139,405,179,125,15,21,17,13,13,11,9,9,9,9,9,9,9,9,11,11,11,11,9,9,9,11,15,11,11,9,11,11,11,11,9,9,9,11,13,9,11,9,9,11,9,11,9,11,9,9
123,265,577,635,19,31,63,9,23,9,9,11,9,9,11,9,9,9,9,9,9,9,11,11,11,11,11,11,9,11,9,9,9,9,9,9,9,9,9,11,13,9,9,11,9,9,11,9,9,11
73,159,19,25,71,9,9,39,17,9,9,9,9,9,9,9,9,11,9,11,9,9,13,11,9,11,11,11,9,11,11,11,9,9,11,11,9,9,11,9,13,9,9,11,11,11,11,9,11,9
125,37,33,21,277,95,71,9,9,9,9,9,9,11,9,9,9,9,11,9,9,9,11,9,9,9,9,11,11,9,9,9,9,9,9,11,11,9,9,9,9,11,9,9,9,9,11,11,9,9
71,151,253,39,53,15,11,57,19,17,9,9,13,9,9,11,9,11,13,9,11,9,9,9,9,9,9,11,9,11,11,9,13,9,11,13,9,9,11,9,9,9,9,11,9,9,9,11,11,9
43,23,41,29,61,73,15,11,57,13,9,9,9,9,9,9,9,9,9,9,11,9,9,11,11,11,11,9,11,9,11,13,13,11,13,9,9,9,19,9,9,9,11,11,9,11,9,9,9,9
45,135,147,11,9,13,11,61,11,9,9,9,9,9,9,9,9,9,13,11,9,11,11,9,13,9,11,9,9,9,15,11,9,9,11,11,11,9,11,9,9,9,11,9,9,9,9,11,9,13
193,53,227,51,141,39,17,11,11,13,9,9,9,9,9,9,11,9,9,11,11,9,9,9,13,11,9,9,11,9,9,11,9,11,11,9,9,9,9,11,11,9,9,9,9,9,9,9,11,9
23,81,35,51,179,97,23,21,11,17,9,11,9,11,11,9,9,9,9,9,9,9,11,9,9,9,9,9,11,9,9,11,9,11,9,11,9,9,11,11,9,9,9,11,11,11,9,13,9,11
197,73,125,135,137,21,23,13,15,9,9,9,9,9,9,9,13,9,9,11,9,11,9,9,9,19,13,9,11,9,9,11,11,9,11,11,11,9,11,11,9,11,9,9,9,9,9,13,9,9
17,155,19,53,389,9,13,11,9,9,9,9,9,9,9,9,9,11,9,9,9,9,9,9,9,11,9,9,9,9,11,9,11,9,9,9,9,9,9,9,9,9,9,11,9,11,9,9,9,11
15,57,293,31,17,11,25,11,9,9,9,9,9,9,9,9,9,11,9,9,9,11,9,9,9,9,13,11,9,9,9,11,9,9,11,9,11,9,9,9,9,11,9,9,11,9,9,9,9,9
609,125,223,17,123,71,9,31,21,11,11,9,9,11,11,9,9,9,9,9,13,9,13,9,9,9,9,11,11,9,9,9,11,11,9,9,9,11,11,9,11,11,9,9,11,9,9,11,9,9
235,543,25,33,19,57,25,9,9,15,9,11,9,9,9,11,9,11,11,9,9,9,9,9,13,11,9,9,9,9,11,9,11,11,11,11,9,11,9,11,15,13,11,11,9,9,9,9,11,11
87,69,61,13,99,75,15,17,11,11,9,9,11,9,9,9,9,9,9,11,9,13,9,9,9,11,9,11,11,9,9,11,9,9,9,11,11,13,9,9,9,13,11,9,13,11,9,11,11,9
891,31,53,163,19,119,47,9,19,11,9,9,9,9,9,9,9,9,11,9,9,9,9,15,9,11,11,11,11,11,9,9,11,9,11,9,9,9,13,9,11,9,9,13,9,11,9,11,13,9
193,281,9,37,41,11,9,13,9,9,9,11,9,9,11,9,9,11,9,9,13,9,9,9,9,11,9,11,9,11,9,9,9,9,9,9,9,9,9,11,11,9,9,9,9,11,9,9,9,11
49,25,27,27,109,15,19,99,15,25,9,23,9,11,9,9,9,9,9,9,9,11,11,9,9,9,9,9,11,11,11,9,9,9,11,9,11,11,9,11,9,9,11,9,9,9,11,9,9,9
365,37,57,25,73,27,13,49,9,9,9,9,9,9,9,9,9,9,11,11,9,9,9,9,13,9,9,9,9,9,9,9,11,9,11,11,9,11,9,9,11,11,9,11,9,13,11,11,9,11
133,29,133,33,273,17,25,31,11,9,9,11,9,9,9,9,11,11,9,11,9,11,9,9,11,9,9,9,11,11,11,9,11,11,9,11,11,11,9,11,9,11,11,9,9,9,9,11,9,9
141,17,171,183,179,47,27,37,13,19,9,9,11,9,9,9,9,11,13,9,11,11,9,9,11,9,11,9,9,9,9,9,9,9,11,9,9,9,9,9,9,9,11,9,11,11,11,9,9,9
305,21,149,127,13,29,25,27,15,9,13,9,9,9,9,9,9,9,9,9,9,11,9,9,11,11,9,9,9,9,9,9,9,9,9,9,9,11,9,11,11,11,11,11,13,9,9,11,9,11
953,155,39,13,83,21,19,9,9,11,9,9,9,9,9,9,9,11,9,11,9,9,11,11,9,11,11,9,9,13,9,9,13,9,9,11,11,9,15,13,9,9,11,17,9,9,9,9,9,13
335,59,181,245,125,55,35,15,13,11,11,9,9,9,13,9,9,9,13,9,9,9,9,11,9,13,9,11,9,9,9,11,9,11,9,9,9,9,11,9,9,9,11,9,9,11,9,9,9,9
61,43,191,17,29,125,49,27,9,9,9,9,9,9,9,11,9,9,9,9,9,9,9,9,11,9,11,9,9,9,9,11,11,9,13,9,9,9,9,9,11,15,9,13,9,9,9,11,11,11
127,153,171,41,29,9,85,23,11,11,13,9,9,9,9,9,9,11,11,9,11,9,9,9,9,9,11,9,11,9,11,9,9,15,9,11,9,9,11,9,9,11,9,11,9,9,9,9,9,9
461,327,365,87,143,9,29,19,11,9,11,9,9,9,9,9,11,9,9,9,9,11,9,9,9,11,11,9,9,13,11,11,11,11,11,11,11,11,9,9,9,15,9,11,9,9,9,9,9,11
265,163,101,181,185,21,35,9,17,13,11,11,9,9,11,9,9,11,9,9,9,11,13,9,11,9,9,9,11,9,11,11,9,11,9,11,9,11,9,11,9,15,9,9,9,9,9,11,9,11
417,41,21,21,89,67,23,45,17,11,13,9,9,9,9,9,9,9,11,9,13,9,9,11,11,9,13,13,9,9,9,11,9,9,11,13,11,11,9,9,11,11,11,9,11,9,9,11,9,11
97,177,139,17,13,35,15,39,15,9,11,9,9,9,11,9,9,9,9,11,9,9,9,11,9,9,9,11,9,9,11,9,9,9,11,9,9,9,11,9,11,9,9,9,9,11,9,9,9,9
19,87,215,19,199,11,35,11,21,15,9,9,9,9,9,9,9,9,11,9,11,9,11,9,9,9,9,11,9,9,9,9,11,11,9,9,11,11,11,11,9,9,11,9,11,11,11,11,9,11
65,199,151,291,33,13,83,11,9,9,9,9,9,9,9,9,9,9,11,9,9,9,11,9,9,11,9,9,11,15,9,9,9,11,9,11,11,9,11,11,13,11,9,11,11,9,11,11,11,11
347,63,521,37,149,59,105,9,11,9,11,9,11,11,9,9,11,9,9,11,9,13,9,9,13,9,9,9,9,9,11,9,11,11,9,11,9,9,11,11,9,11,9,9,9,11,9,9,9,9
75,9,741,153,81,75,21,21,11,9,9,9,9,9,11,9,9,9,9,9,9,11,11,9,11,9,11,11,11,9,9,11,9,9,9,9,11,9,9,11,9,11,11,9,9,9,9,9,9,11
129,209,297,219,61,49,127,35,9,15,9,9,9,9,9,9,9,11,9,11,13,9,9,9,11,11,11,9,11,9,9,9,11,9,11,11,11,9,9,9,9,11,9,9,11,9,13,13,9,9
29,47,129,29,101,71,11,11,9,9,9,9,9,9,9,9,9,9,9,11,11,9,9,9,9,11,9,9,9,9,9,11,9,9,11,11,11,11,11,9,11,11,9,9,11,11,11,11,11,11
45,37,9,69,27,33,11,43,9,9,9,9,9,9,9,9,9,9,11,15,9,11,9,11,9,11,9,9,11,9,9,11,9,9,11,9,9,9,9,9,11,11,11,9,9,11,11,11,9,11
125,37,33,57,35,15,25,73,13,21,9,9,9,9,9,9,9,11,11,9,11,9,11,9,11,9,11,13,9,9,9,9,9,9,9,11,9,9,13,11,11,9,9,11,9,11,9,9,11,9
15,227,21,805,153,129,9,13,11,9,9,9,9,9,11,9,9,13,11,11,9,11,11,11,11,9,11,11,9,9,9,11,13,11,11,11,9,9,9,9,11,9,11,11,11,11,11,9,9,9
1000,635,59,341,23,69,17,17,21,9,11,9,9,9,9,9,9,9,11,11,9,9,9,9,9,9,9,9,9,9,9,13,11,9,11,9,19,9,11,9,9,11,11,9,11,9,11,9,15,9
283,87,33,111,109,53,91,11,13,9,9,9,9,9,9,9,11,9,9,9,9,9,9,9,11,9,9,9,11,9,9,11,9,9,9,9,9,9,9,9,9,11,9,13,9,9,9,9,11,9
285,55,33,207,19,183,15,15,13,13,9,9,9,9,9,11,9,11,9,9,11,9,9,13,11,9,9,11,9,11,9,9,11,11,11,11,15,9,11,9,11,9,9,11,9,11,11,9,9,11
65,79,179,13,9,37,35,15,9,11,11,9,9,9,9,9,11,9,9,9,9,9,9,11,9,13,11,9,11,11,9,9,15,11,11,9,9,11,11,9,9,11,9,9,11,9,9,9,11,11
25,39,131,39,23,25,17,19,11,19,9,9,9,9,9,9,11,11,11,11,9,9,9,9,9,9,9,9,9,9,11,9,9,9,9,11,11,11,13,11,9,9,11,9,13,11,11,9,11,11
105,27,329,117,15,29,23,13,17,25,9,9,9,9,9,9,11,9,9,9,11,9,9,9,9,11,9,9,9,9,11,9,9,11,11,11,9,9,9,9,11,11,9,9,9,11,11,9,9,9
365,77,353,33,13,53,17,27,13,11,9,9,9,9,9,11,9,13,11,9,9,11,9,9,11,9,9,9,9,9,11,9,9,9,9,9,9,13,13,11,11,9,9,11,9,11,9,13,11,9
59,575,485,11,67,9,41,9,11,9,11,9,9,9,9,9,9,9,9,9,9,11,11,9,9,11,9,9,9,13,9,9,11,9,9,11,11,13,9,9,9,11,15,11,9,9,9,9,15,11
129,79,411,239,13,11,19,9,11,9,11,9,9,9,11,9,9,9,9,9,9,11,11,13,11,11,9,9,11,11,11,9,11,11,9,11,9,11,11,9,15,9,11,9,9,9,9,11,11,9
27,613,61,61,17,17,63,13,13,11,9,9,9,9,9,9,9,9,11,9,11,9,9,11,11,11,11,9,9,9,9,9,9,11,9,11,9,11,9,9,11,9,11,11,9,11,9,9,9,11
431,437,81,37,249,87,117,63,13,9,9,9,9,9,9,9,9,9,9,9,9,11,9,11,9,9,11,9,9,9,11,11,11,9,15,9,11,9,11,9,9,9,9,9,11,9,9,11,11,9
487,59,209,203,123,13,39,19,43,19,9,9,9,9,9,9,11,9,9,9,9,11,9,9,11,9,11,9,9,11,9,11,9,13,9,11,9,11,9,9,9,9,9,11,9,11,11,9,11,9
1000,571,53,163,29,27,9,63,9,11,9,9,9,9,9,9,9,11,11,9,9,9,11,9,9,9,9,15,11,9,9,11,9,11,9,11,9,9,9,11,15,11,11,11,11,11,9,9,9,11
251,405,31,69,47,9,25,27,29,9,9,9,9,9,9,9,9,9,9,9,9,9,9,11,9,9,9,9,11,9,11,9,11,9,9,9,9,11,9,9,9,9,9,9,9,11,9,9,9,9
85,975,21,125,25,171,33,9,9,13,9,9,9,9,9,9,11,11,9,9,9,11,9,9,9,13,9,9,11,11,11,9,9,9,9,13,11,9,9,11,13,9,9,9,11,9,9,11,11,11
161,127,153,25,61,69,35,25,9,9,9,9,13,9,9,9,9,9,11,11,11,9,9,9,9,11,13,11,11,9,9,11,11,9,9,9,9,9,11,11,9,11,9,11,9,9,9,11,11,9
91,213,73,9,73,37,79,11,13,9,9,9,9,9,9,11,9,9,11,9,11,9,9,9,11,9,9,9,9,9,11,9,9,9,9,9,9,11,11,9,11,9,9,9,11,9,9,9,9,11
51,347,59,467,93,57,29,9,27,9,11,9,9,9,9,9,9,11,11,11,9,11,9,9,11,11,11,11,9,9,13,9,11,9,9,11,9,9,9,9,9,9,9,13,11,9,11,9,11,13
259,85,103,43,185,27,17,37,11,17,9,9,9,9,9,9,9,9,11,11,9,11,9,9,9,11,9,9,9,9,11,15,9,9,11,9,15,9,9,13,11,11,11,11,9,9,9,9,9,9
257,163,45,81,9,71,9,9,11,9,9,9,9,9,11,9,9,9,9,9,9,9,9,11,13,9,11,9,11,11,11,9,11,11,9,9,9,9,11,9,11,9,9,11,9,11,11,9,11,9
515,39,149,63,53,95,45,31,31,15,9,9,9,9,11,9,9,9,11,11,9,9,11,9,11,9,9,11,11,11,9,9,11,11,9,9,9,13,9,9,9,11,9,9,9,9,11,9,11,11
639,99,193,133,33,21,73,15,9,9,9,9,9,9,9,9,9,9,9,11,9,11,9,9,9,11,11,9,9,13,9,11,9,9,9,13,11,11,9,9,9,11,9,9,13,9,9,9,11,11
