59,147,161,147,61,13,125,19,25,25,13,9,9,9,9,9,11,9,9,9,13,9,13,9,9,9,9,9,9,9,11,9,9,11,9,11,11,9,9,9,11,9,9,9,11,9,9,9,9,9
203,125,135,109,131,13,41,11,23,13,9,9,9,11,9,11,9,9,11,9,11,9,9,9,11,9,9,9,9,9,9,11,9,9,9,9,9,11,9,11,9,9,11,11,9,11,9,11,11,9
63,47,137,15,137,81,17,9,33,9,11,9,9,13,9,9,9,11,9,11,9,9,11,9,9,9,9,9,9,9,9,9,9,11,9,11,9,9,9,9,9,9,9,11,9,9,11,13,9,9
83,61,45,153,67,121,35,13,9,9,9,9,9,9,9,9,9,9,17,9,9,9,9,9,9,9,9,11,11,9,9,11,9,9,9,9,9,9,11,9,11,9,11,9,9,9,9,9,13,11
849,197,289,29,21,125,17,65,39,15,9,19,9,9,9,9,9,9,9,9,9,11,9,9,11,9,11,9,9,9,9,9,9,9,11,11,9,9,13,9,11,9,9,9,9,9,11,9,9,9
505,53,95,51,263,17,15,15,11,33,31,11,9,11,9,9,9,9,9,9,11,11,9,11,9,9,9,9,9,9,9,9,9,9,9,9,9,13,9,9,9,9,9,11,9,9,9,11,9,9
213,13,211,111,75,9,11,21,9,13,13,9,11,9,13,9,9,9,11,13,11,9,9,9,11,9,9,9,9,11,9,9,9,9,9,9,9,9,9,9,9,9,9,9,9,9,9,11,11,9
59,53,27,19,159,39,13,13,15,17,11,9,9,9,15,11,11,9,9,9,9,9,9,9,11,9,9,11,9,9,9,9,11,9,9,9,9,9,9,9,9,9,9,9,9,9,9,9,9,9
73,589,73,51,61,139,15,27,9,11,11,9,15,11,9,9,11,11,9,9,9,9,9,9,9,9,9,9,9,9,9,9,9,9,11,13,9,9,9,9,9,9,9,9,11,9,9,11,11,9
603,153,93,17,153,99,55,29,23,23,9,11,9,9,9,9,9,9,9,15,9,9,9,13,9,9,9,9,9,11,9,9,9,11,13,9,11,11,9,11,9,9,9,9,11,9,9,11,9,9
265,375,165,117,45,61,15,31,25,11,11,9,9,9,9,11,11,9,9,9,9,9,9,9,9,9,9,9,9,9,9,9,9,9,9,9,9,9,9,9,9,9,9,9,9,9,9,9,9,9
63,213,39,97,35,51,27,13,13,9,23,11,13,11,9,9,11,9,9,9,9,9,9,9,9,9,9,9,9,9,9,9,9,9,9,11,11,9,9,11,9,13,9,9,9,9,9,9,9,9
663,117,9,157,19,17,23,25,69,9,13,9,15,15,11,9,9,9,9,9,9,9,9,11,11,9,9,9,11,9,9,9,9,11,9,9,13,9,9,9,9,9,9,9,9,9,9,9,9,9
71,37,227,251,13,13,13,21,29,13,11,9,9,9,9,9,13,9,11,11,9,9,9,13,9,9,9,11,9,9,9,9,9,9,9,9,9,9,9,9,11,9,9,9,13,9,9,9,9,9
37,131,537,41,13,143,23,89,17,29,13,11,17,9,11,9,9,11,9,9,17,11,9,11,11,9,9,11,9,9,9,9,9,9,9,9,9,11,9,9,9,9,9,11,9,11,9,9,13,9
499,513,85,133,113,69,9,45,11,13,9,15,11,9,9,9,9,11,11,9,9,11,9,9,9,9,9,17,9,11,11,13,9,11,9,9,11,9,9,13,9,9,9,9,9,9,9,11,9,9
365,69,137,11,19,63,93,15,17,15,13,9,11,13,11,9,11,9,9,11,9,13,9,9,9,9,9,11,9,9,9,9,9,9,9,9,9,9,9,9,9,9,9,9,11,9,9,11,9,9
29,111,181,33,43,21,67,9,17,11,29,9,15,11,9,9,11,11,9,9,11,9,9,9,11,9,9,11,9,9,9,9,9,9,9,9,9,9,9,9,9,9,9,9,11,11,11,9,9,9
355,525,125,11,179,15,93,51,11,19,11,15,11,9,11,9,11,9,9,13,11,9,9,11,9,11,9,9,9,9,9,9,9,9,9,9,9,9,9,9,11,9,9,9,9,9,9,9,9,11
737,69,933,609,17,35,9,41,9,29,17,9,13,9,9,9,9,11,9,9,9,9,11,9,9,9,9,9,9,9,9,9,9,9,9,9,9,9,9,9,9,9,13,9,11,9,9,9,9,9
185,109,147,171,441,125,91,9,9,13,11,13,9,9,11,9,9,9,9,9,11,9,9,9,9,11,9,9,11,17,9,9,9,9,9,9,9,11,11,9,9,9,9,9,9,9,13,9,9,11
239,37,39,37,21,13,11,11,15,13,15,17,11,15,11,9,9,9,11,9,11,9,9,9,9,9,9,9,9,9,9,9,11,11,9,9,9,9,9,9,11,9,9,9,9,9,9,9,11,9
313,37,375,75,9,11,53,33,25,9,9,11,9,11,11,9,9,11,11,11,9,9,9,9,11,9,9,11,9,9,9,9,9,9,11,9,9,9,9,9,9,9,9,9,9,9,9,9,9,9
21,13,171,391,213,165,45,57,41,17,9,9,9,9,9,9,9,9,9,9,11,9,9,9,9,9,11,9,9,11,11,9,9,9,9,9,9,11,9,9,9,9,9,9,9,9,9,9,9,9
19,199,53,133,77,29,49,15,9,15,9,11,11,9,11,11,11,9,9,11,9,9,9,11,9,9,9,9,9,9,9,9,9,9,9,9,9,9,9,11,9,9,9,9,9,9,9,11,9,9
79,39,37,199,25,25,23,43,19,9,13,11,9,9,13,9,11,9,11,9,9,9,9,11,9,11,9,9,9,11,9,9,9,9,9,9,9,9,11,9,9,9,9,9,9,9,11,9,9,9
65,37,361,67,41,11,53,17,17,9,9,15,13,13,9,9,9,11,9,9,11,11,9,9,9,9,9,11,9,9,9,9,11,11,9,13,9,9,9,9,9,9,9,9,9,9,11,9,9,9
215,49,271,9,75,63,55,27,29,17,13,9,15,9,9,9,11,9,9,9,9,9,9,9,9,9,9,9,9,9,9,9,9,9,13,9,11,9,9,13,13,9,9,9,9,9,9,9,9,9
69,63,55,61,165,25,43,27,9,9,9,9,9,9,9,17,13,9,9,9,9,9,11,9,9,11,9,9,11,9,9,9,11,9,9,9,9,9,11,11,9,9,9,9,11,9,9,9,9,9
27,235,9,39,9,15,37,19,13,13,11,9,17,9,9,9,9,9,9,9,9,9,9,9,9,9,11,9,9,9,9,9,9,9,9,9,9,9,9,9,9,9,9,9,9,9,9,11,9,9
31,443,35,127,67,9,13,25,19,45,9,11,9,9,9,9,9,11,9,9,9,9,9,9,9,9,13,9,9,9,9,11,11,11,9,9,9,9,9,9,9,11,11,13,9,9,9,9,9,9
91,449,41,109,159,23,27,9,19,11,17,9,11,13,13,9,11,9,11,11,9,9,11,9,9,9,9,9,9,9,9,9,9,9,9,9,9,11,9,9,9,9,11,9,9,9,9,9,9,9
361,469,25,11,91,97,69,95,9,13,9,15,13,11,9,9,9,9,9,9,9,9,9,9,9,9,9,9,9,9,9,9,11,9,9,9,9,9,9,9,9,9,9,11,9,9,9,9,9,9
187,63,599,11,115,69,137,13,11,9,15,13,17,15,11,9,9,11,9,9,9,11,9,9,9,9,9,11,9,9,9,9,9,9,9,11,9,9,9,9,9,9,9,9,9,9,9,9,9,11
111,65,79,57,111,29,39,13,9,11,17,9,9,9,9,9,11,9,11,9,9,9,13,9,11,11,9,9,9,9,9,9,9,9,9,11,9,9,9,9,9,9,9,9,9,9,9,9,9,9
159,873,15,69,77,9,11,17,9,9,9,9,9,9,9,9,9,9,9,9,9,9,9,9,9,9,15,9,9,9,9,9,9,9,9,11,9,9,11,9,9,11,9,9,9,11,9,9,9,9
319,371,23,79,147,13,11,67,15,13,9,11,9,9,9,11,9,11,9,9,9,9,9,9,9,9,9,9,9,9,9,9,11,11,9,9,9,9,11,9,9,9,9,9,9,9,9,9,9,11
257,19,89,213,353,45,17,29,19,9,17,9,23,9,11,9,9,13,9,9,9,11,9,11,9,9,9,9,9,9,9,13,9,9,9,11,13,9,9,9,9,9,9,9,9,9,9,9,9,9
49,65,33,21,81,25,35,29,53,9,33,9,9,19,13,9,11,9,9,9,13,9,9,9,9,9,9,9,9,9,9,9,9,11,9,13,9,9,9,11,9,11,9,13,9,9,9,9,13,9
113,33,55,189,299,35,77,19,13,19,9,15,15,11,9,9,9,11,9,9,9,11,9,9,9,9,9,9,11,11,9,9,9,9,9,13,9,9,11,11,9,11,9,9,9,9,9,9,9,9
315,197,147,37,113,17,21,11,11,13,9,11,9,13,9,9,9,11,9,9,9,9,9,9,9,9,9,9,9,9,9,9,11,9,9,9,9,9,9,11,9,9,9,9,9,9,9,9,9,13
45,287,167,91,113,19,93,41,9,23,51,9,11,9,9,9,9,9,9,9,9,9,13,9,9,11,9,11,9,9,9,9,9,11,9,9,9,9,9,9,11,9,11,9,9,9,9,9,9,11
37,159,41,83,23,53,33,9,11,15,17,11,15,15,9,9,11,9,9,9,11,9,11,9,9,15,9,9,9,9,9,9,9,9,9,9,11,9,9,9,9,9,9,9,9,9,9,9,9,11
237,121,27,27,119,125,33,19,39,19,9,9,9,11,9,9,17,9,9,11,9,11,9,9,9,9,9,11,9,9,9,9,9,9,9,9,9,9,9,11,9,11,9,9,9,9,9,9,9,9
843,315,267,23,91,9,33,11,21,11,9,9,15,9,11,9,9,9,9,9,9,9,9,9,11,9,9,9,13,9,9,9,9,11,11,11,9,11,9,9,9,9,9,13,9,9,9,9,9,11
13,101,197,195,217,61,59,9,45,13,11,9,9,11,11,17,11,11,11,9,9,9,9,9,11,9,13,9,9,9,9,9,9,9,9,9,9,9,9,9,9,9,9,9,9,9,9,11,9,9
41,447,937,353,13,43,17,9,11,11,9,9,9,13,9,11,11,9,9,9,9,11,9,9,11,9,9,9,9,9,9,9,9,9,9,9,11,9,9,9,9,11,9,11,13,9,9,9,9,9
769,53,99,23,215,79,37,21,13,19,9,9,19,9,9,13,9,9,9,9,11,9,9,9,9,9,9,9,9,9,9,9,9,9,9,11,9,9,9,9,9,9,9,9,9,9,9,9,9,9
177,33,339,103,125,157,29,31,11,15,9,9,11,9,11,9,9,17,11,9,9,9,9,11,9,9,9,9,9,9,9,11,9,9,11,9,11,9,9,9,9,9,9,9,9,9,9,9,9,11
143,187,133,13,21,21,51,65,23,21,15,11,13,9,11,11,11,9,9,11,9,9,11,9,9,9,9,9,13,9,9,9,9,9,9,9,9,9,9,9,9,9,9,9,9,9,9,9,9,9
53,49,189,9,93,69,15,11,13,23,9,13,11,9,9,13,9,9,11,9,9,13,9,9,9,9,9,9,9,9,9,9,9,9,9,9,9,9,9,9,9,9,9,9,9,9,9,9,9,9
133,127,67,27,49,43,9,29,39,9,9,15,15,13,11,11,9,9,9,9,11,9,9,9,9,9,11,9,9,9,11,9,9,9,9,9,11,9,11,9,9,9,9,9,9,9,9,9,9,9
119,17,41,177,251,111,93,11,9,9,9,17,9,9,9,9,9,9,9,11,9,9,9,9,9,9,9,9,9,9,9,9,11,11,9,9,11,9,9,9,9,9,9,13,9,9,9,11,9,11
517,29,53,389,123,117,11,9,11,15,11,13,9,9,15,9,9,9,9,11,13,9,9,9,9,9,9,9,9,9,9,9,11,9,11,9,9,9,9,9,9,9,13,9,9,9,9,9,9,9
35,85,17,93,89,17,13,33,9,15,13,15,9,9,11,9,9,13,9,9,9,9,9,9,9,11,9,9,9,9,9,9,9,9,9,9,11,9,9,9,9,9,11,9,9,9,9,11,9,9
63,27,15,143,113,43,13,23,11,13,9,13,9,9,11,11,9,11,9,9,9,9,9,9,9,11,9,9,11,11,9,11,9,9,9,9,9,9,9,9,9,9,9,9,9,9,9,9,9,9
537,11,27,241,105,73,13,15,9,15,13,11,9,9,9,9,9,9,11,9,11,9,9,9,9,9,9,9,9,9,9,9,9,11,11,9,9,9,9,9,9,9,9,9,9,9,9,9,11,9
57,171,33,33,243,63,13,9,11,11,13,21,11,11,13,9,9,11,9,9,9,13,9,9,9,9,9,9,11,9,9,11,9,11,9,9,9,9,9,9,9,9,9,9,11,9,9,9,9,9
75,351,151,13,83,147,31,15,33,11,11,15,11,11,9,9,9,9,9,9,13,9,9,9,9,9,9,9,9,9,9,9,9,11,9,13,9,9,9,9,9,9,9,11,9,9,9,9,9,11
633,111,29,35,49,9,23,15,13,19,21,13,13,13,9,9,9,11,9,9,9,11,9,9,9,9,9,9,9,9,9,9,9,11,9,9,9,9,9,9,9,9,9,9,9,9,9,11,9,11
49,293,23,91,49,23,23,51,35,9,11,9,13,9,11,11,9,9,9,11,11,11,11,9,9,9,9,9,9,11,11,9,9,11,11,9,11,9,9,9,9,11,11,9,9,9,11,9,9,9
255,311,19,599,123,33,21,77,19,21,13,9,9,15,9,9,9,9,9,9,9,9,9,9,9,9,9,9,9,9,9,11,11,11,11,9,9,9,9,9,9,11,11,9,9,9,11,9,9,11
41,19,105,109,53,63,29,9,17,9,11,9,9,9,9,9,17,9,9,9,9,11,9,9,9,11,9,13,9,9,9,9,9,9,9,9,9,9,9,11,9,9,9,9,9,9,9,11,11,11
537,369,19,47,33,33,69,17,13,9,19,9,9,15,11,11,13,9,9,11,9,9,9,11,11,9,11,9,9,9,9,9,9,9,11,9,9,11,9,9,9,9,9,9,9,9,11,9,9,9
39,21,43,127,65,119,35,33,25,9,17,9,9,9,11,9,9,13,9,11,9,9,9,13,9,9,9,11,11,13,9,9,9,9,9,9,11,9,9,11,9,9,9,9,11,11,9,9,11,9
835,615,11,73,31,39,51,15,13,11,13,9,11,11,9,9,9,11,9,13,9,9,9,9,9,9,9,9,9,9,11,9,9,9,9,9,9,9,9,9,9,11,9,9,9,9,9,11,11,9
299,23,417,13,35,103,11,27,51,9,15,11,11,9,11,9,11,9,9,9,9,9,9,9,11,9,9,9,9,9,9,9,9,9,9,9,9,9,9,9,9,9,9,9,11,9,9,9,9,9
259,83,79,549,89,25,29,49,13,19,13,11,11,19,9,11,11,13,13,9,11,9,9,9,11,9,9,9,9,9,9,13,9,9,9,9,9,9,9,9,9,9,13,9,9,9,9,9,9,9
251,83,293,221,125,39,9,9,33,11,13,13,9,9,9,9,9,9,9,9,9,11,9,9,9,9,9,9,11,9,9,9,9,9,9,9,9,9,11,9,11,9,11,9,9,9,9,9,9,9
47,17,27,125,63,29,15,9,11,33,11,9,9,9,15,9,9,9,9,9,9,9,9,9,9,9,9,9,11,9,11,9,11,9,9,9,11,9,9,9,9,9,9,11,9,13,9,9,9,9
63,345,59,101,41,41,13,39,55,13,9,9,11,11,9,13,9,9,9,9,9,9,9,9,9,9,11,9,9,9,9,9,9,9,9,9,9,9,9,11,11,9,11,11,9,9,9,9,9,9
33,387,149,79,165,47,227,13,25,9,15,13,9,9,9,9,11,9,9,9,9,9,9,9,9,9,9,9,9,9,9,11,11,9,9,9,9,9,9,9,9,9,9,11,9,11,9,9,9,9
61,47,17,145,103,61,81,11,11,25,11,11,15,9,17,11,9,9,9,9,9,9,9,9,9,11,9,9,13,9,11,9,9,13,11,9,9,9,9,9,9,9,9,11,9,9,9,9,11,9
185,43,395,13,165,143,9,13,11,11,9,11,9,9,9,9,9,11,9,9,9,9,9,9,9,9,9,9,11,9,9,9,9,11,9,9,11,9,9,9,9,11,9,9,9,11,9,11,11,9
339,65,225,13,11,29,9,85,11,11,11,13,11,13,9,11,9,9,9,9,9,9,9,11,9,9,9,9,9,9,9,11,9,11,9,9,9,9,9,9,9,9,9,9,9,9,9,11,9,13
1000,27,453,143,19,11,139,9,33,11,17,9,11,11,9,9,11,9,9,9,9,9,9,9,9,9,9,9,9,15,9,9,9,9,9,9,9,9,9,9,9,9,9,9,9,9,9,11,9,9
345,551,25,201,13,41,73,15,9,13,13,9,11,9,9,9,9,11,13,9,9,9,9,9,9,9,9,9,11,9,9,9,13,9,9,11,9,9,11,9,9,9,9,9,9,9,9,9,9,9
79,603,205,243,89,17,21,23,11,9,11,15,11,9,11,9,9,9,9,9,9,9,9,9,9,9,9,9,9,9,9,9,9,9,9,9,9,9,9,9,9,9,9,9,9,9,9,13,9,9
37,69,35,61,31,99,57,13,47,15,9,9,9,15,9,11,9,9,9,9,9,9,9,11,9,9,9,9,9,9,9,9,9,9,11,9,9,9,9,13,9,9,9,9,11,9,9,9,11,9
499,85,69,141,35,157,51,85,15,13,15,9,9,9,11,9,9,9,9,9,9,9,9,9,9,11,11,9,9,9,9,9,9,9,9,9,9,9,9,9,9,9,9,9,9,9,9,9,9,9
23,185,225,71,21,17,31,25,13,19,9,13,9,9,11,9,9,9,9,9,11,13,9,11,9,9,9,9,9,9,9,9,9,9,9,9,9,13,9,9,9,9,9,9,9,11,9,9,9,9
89,457,139,57,9,165,37,19,15,15,9,11,9,13,11,9,9,9,9,11,9,9,9,9,9,9,11,9,9,9,9,9,11,9,9,9,9,9,9,9,17,9,11,9,9,9,9,9,9,9
215,139,401,71,41,29,25,17,9,21,19,9,9,9,9,11,9,9,9,11,9,9,9,9,13,9,9,9,9,9,9,9,9,9,11,9,11,9,11,9,9,9,9,9,9,9,9,9,9,9
149,213,41,261,21,25,11,23,9,17,15,9,9,9,9,9,9,9,9,11,9,9,9,9,9,9,9,9,9,11,9,9,9,9,9,9,9,11,9,9,9,13,9,9,9,9,9,9,9,11
257,387,141,25,51,85,19,15,13,9,11,9,9,9,9,11,9,9,9,9,9,11,9,9,9,9,9,9,11,9,11,9,9,11,9,11,13,9,9,9,9,11,9,9,9,11,9,9,9,9
79,303,669,111,37,19,45,23,23,15,11,17,15,11,9,9,9,11,9,9,11,15,9,11,9,11,11,9,9,9,9,9,11,9,11,9,9,11,9,9,9,9,9,11,9,11,9,9,13,11
43,455,345,75,57,29,53,31,17,9,21,9,13,9,9,9,11,9,11,9,9,11,9,9,9,9,11,9,9,9,9,9,11,9,9,9,9,9,9,11,9,9,9,9,9,9,9,9,9,11
177,15,69,139,81,19,21,9,45,13,9,11,11,9,9,9,13,9,9,13,9,9,15,9,9,11,9,11,9,9,9,9,11,9,9,9,11,9,9,9,9,9,9,9,9,11,9,9,9,9
395,43,799,115,145,55,69,11,23,9,9,9,11,9,9,9,9,9,9,9,9,9,9,9,9,9,9,9,9,9,9,9,9,11,9,9,9,9,9,9,9,9,11,9,11,9,9,11,9,11
51,19,19,127,117,107,9,41,9,13,11,15,9,11,9,9,13,9,11,9,11,9,13,11,9,9,9,9,9,9,9,9,9,9,9,9,9,9,9,9,9,9,11,11,9,11,9,9,9,11
27,19,129,415,55,83,99,47,31,9,21,11,9,11,9,9,9,9,9,9,9,9,9,9,9,9,9,11,11,9,9,11,9,9,9,11,9,9,9,9,9,9,11,9,9,11,9,11,9,9
189,203,29,381,91,15,69,9,17,17,11,9,11,9,9,9,9,9,9,9,9,9,13,9,9,9,9,9,9,11,11,9,11,9,9,9,9,9,9,9,9,9,11,9,9,9,9,9,9,11
259,47,87,205,15,45,77,23,15,13,15,9,13,9,9,9,9,9,9,9,9,11,9,9,9,9,9,11,9,9,9,9,9,9,9,11,9,9,9,11,11,9,9,9,9,9,9,9,9,13
109,225,171,207,191,9,9,13,11,23,11,9,9,9,9,9,11,9,9,9,9,9,9,15,11,9,9,9,9,9,9,9,11,9,9,9,9,9,9,9,9,9,9,9,9,9,9,11,9,9
109,25,179,13,35,17,11,9,13,15,9,9,9,11,9,9,11,11,9,9,9,9,9,9,9,9,9,9,9,9,13,9,9,11,9,9,9,9,9,9,9,9,9,9,9,9,9,9,9,9
113,367,45,35,81,41,17,25,23,13,9,9,9,9,9,11,9,9,9,9,9,9,9,9,9,9,11,9,9,9,9,11,11,9,9,11,9,11,9,11,9,11,9,9,9,11,9,9,11,9
49,43,239,15,39,35,43,63,13,21,17,13,11,11,9,9,9,9,11,9,11,9,9,9,9,9,11,9,11,9,9,11,9,9,9,9,9,9,11,9,9,11,9,11,9,9,11,13,9,11
35,221,45,45,11,11,47,15,33,11,11,9,11,9,9,15,11,9,11,9,9,9,9,9,11,9,9,9,9,9,9,9,9,9,9,9,9,9,9,11,11,9,9,9,9,9,9,9,11,13
215,149,139,203,47,67,23,13,11,11,11,11,9,9,11,9,9,13,9,11,9,9,9,11,9,9,9,9,9,11,9,9,9,11,9,9,11,9,9,9,9,11,9,9,9,9,9,9,9,9
213,937,29,83,125,41,9,11,11,11,9,13,9,9,9,9,9,9,9,9,11,9,9,9,9,9,9,9,9,9,9,9,9,9,9,9,9,13,9,9,9,9,9,9,9,9,11,13,9,9
