0.98,0.94,0.96,0.95,0.95,0.95,0.97,0.98,0.97,0.97,0.99,0.99,0.97,0.95,0.97
0.94,0.94,0.95,0.95,0.95,0.96,0.97,0.96,0.97,0.96,0.97,0.97,0.97,0.98,0.97
0.94,0.94,0.95,0.95,0.96,0.97,0.98,0.97,0.99,0.97,0.97,0.96,0.98,0.96,0.97
0.94,0.94,0.95,0.95,0.94,0.96,0.96,0.96,0.97,0.97,0.98,0.98,0.97,0.97,0.95
0.94,0.94,0.95,0.95,0.96,0.95,0.97,0.95,0.96,0.97,0.97,0.96,0.97,0.97,0.97
0.94,0.94,0.95,0.94,0.95,0.96,0.95,0.97,0.98,0.96,0.95,0.96,0.96,0.97,0.96
0.94,0.94,0.95,0.95,0.95,0.96,0.97,0.97,0.97,0.98,0.97,0.98,0.97,0.96,0.98
0.94,0.94,0.95,0.95,0.96,0.96,0.96,0.97,0.97,0.97,0.96,0.97,0.98,0.95,0.97
0.94,0.94,0.95,0.94,0.95,0.97,0.95,0.97,0.97,0.99,0.98,0.96,0.97,0.97,0.97
0.94,0.94,0.95,0.95,0.95,0.97,0.98,0.97,0.99,0.96,0.96,0.97,0.97,0.98,0.97
0.94,0.94,0.95,0.95,0.98,0.95,0.96,0.96,0.96,0.98,0.96,0.96,0.95,0.98,0.98
0.94,0.94,0.95,0.96,0.96,0.96,0.96,0.95,0.98,0.95,0.97,0.96,0.99,0.97,0.98
0.94,0.94,0.96,0.95,0.98,0.96,0.97,0.96,0.98,0.97,0.95,0.97,0.97,0.97,0.99
0.94,0.94,0.95,0.95,0.96,0.96,0.98,0.96,0.97,0.96,0.96,0.98,0.98,0.98,0.96
0.94,0.94,0.95,0.95,0.96,0.95,0.95,0.97,0.98,0.95,0.97,0.97,0.97,0.97,0.97
0.94,0.94,0.95,0.95,0.96,0.96,0.97,0.97,0.96,0.96,0.96,0.97,0.96,0.98,0.96
0.94,0.94,0.95,0.95,0.96,0.96,0.96,0.97,0.97,0.96,0.97,0.96,0.96,0.99,0.95
0.94,0.94,0.95,0.96,0.95,0.95,0.97,0.96,0.97,0.96,0.96,0.96,0.98,0.97,0.97
0.94,0.94,0.96,0.95,0.96,0.95,0.98,0.96,0.97,0.96,0.97,0.96,0.98,0.96,0.94
0.94,0.94,0.95,0.96,0.97,0.96,0.98,0.97,0.98,0.96,0.96,0.97,0.97,0.98,0.99
0.94,0.94,0.95,0.94,0.96,0.94,0.98,0.96,0.98,0.98,1.0,0.98,0.96,0.98,0.98
0.94,0.94,0.95,0.95,0.94,0.94,0.97,0.97,0.97,0.97,0.98,0.99,0.98,0.98,0.98
0.94,0.94,0.95,0.95,0.96,0.95,0.96,0.97,0.98,0.97,0.98,0.97,0.99,0.98,0.95
0.94,0.94,0.95,0.95,0.97,0.95,0.96,0.97,0.98,0.96,0.98,0.97,0.97,0.98,0.98
0.94,0.94,0.94,0.96,0.96,0.95,0.97,0.95,0.95,0.97,0.98,0.98,0.98,0.97,0.98
0.94,0.94,0.95,0.95,0.95,0.98,0.96,0.97,0.98,0.96,0.98,0.97,0.97,0.96,0.97
0.94,0.94,0.95,0.95,0.96,0.96,0.96,0.97,0.95,0.97,0.95,0.97,0.97,0.97,0.97
0.94,0.94,0.95,0.95,0.96,0.97,0.96,0.96,0.97,0.95,0.97,0.97,0.98,0.98,0.98
0.94,0.94,0.95,0.95,0.96,0.96,0.95,0.97,0.96,0.96,0.95,0.99,0.98,0.97,0.98
0.94,0.94,0.95,0.95,0.96,0.97,0.95,0.96,0.96,0.96,0.99,0.96,0.97,0.96,0.96
0.94,0.94,0.95,0.95,0.95,0.96,0.95,0.97,0.98,0.95,0.99,0.98,0.99,0.98,0.96
0.94,0.94,0.96,0.95,0.95,0.96,0.96,0.96,0.96,0.96,0.98,0.95,0.96,0.97,0.97
0.94,0.94,0.94,0.95,0.96,0.96,0.97,0.95,0.97,0.98,0.96,0.99,0.97,0.96,0.98
0.94,0.94,0.95,0.95,0.95,0.95,0.96,0.97,0.97,0.96,0.97,0.97,0.98,1.0,0.95
0.94,0.94,0.95,0.95,0.98,0.95,0.96,0.97,0.97,0.97,0.98,0.98,0.96,0.98,0.97
0.94,0.94,0.96,0.94,0.97,0.97,0.96,0.96,0.96,0.96,0.98,0.99,0.96,0.96,0.98
0.94,0.94,0.95,0.95,0.95,0.95,0.96,0.96,0.97,0.95,0.96,0.96,0.98,0.98,0.96
0.94,0.94,0.95,0.95,0.95,0.95,0.97,0.97,0.97,0.98,0.97,0.96,0.98,0.97,0.98
0.94,0.94,0.95,0.95,0.98,0.97,0.96,0.96,0.96,0.97,0.99,0.95,0.97,0.99,0.97
0.94,0.94,0.95,0.95,0.97,0.96,0.98,0.97,0.95,0.96,0.97,0.97,0.96,0.97,0.97
0.94,0.94,0.95,0.95,0.96,0.95,0.97,0.96,0.97,0.96,0.98,0.96,1.0,0.97,0.98
0.94,0.94,0.94,0.95,0.96,0.95,0.97,0.98,0.97,0.97,0.98,0.98,0.98,0.98,0.98
0.94,0.94,0.95,0.95,0.95,0.97,0.96,0.96,0.97,0.98,1.0,0.98,0.97,0.98,0.98
0.94,0.94,0.95,0.95,0.96,0.97,0.95,0.94,0.98,0.97,0.97,0.97,0.98,0.96,0.96
0.94,0.94,0.95,0.94,0.96,0.97,0.95,0.98,0.97,0.97,0.96,0.97,1.0,0.96,0.97
0.94,0.94,0.94,0.96,0.97,0.95,0.95,0.97,0.96,0.96,0.96,0.98,0.98,0.96,0.98
0.94,0.94,0.95,0.96,0.94,0.97,0.96,0.95,0.96,0.96,0.98,1.0,0.98,0.97,0.97
0.94,0.94,0.95,0.95,0.96,0.96,0.96,0.96,0.98,0.97,0.99,0.97,0.96,0.98,0.97
0.94,0.94,0.95,0.95,0.95,0.97,0.96,0.95,0.97,0.97,0.97,0.98,0.96,0.97,0.97
0.94,0.94,0.95,0.96,0.97,0.96,0.95,0.97,0.97,0.99,0.98,0.95,0.98,0.98,0.97
0.94,0.94,0.94,0.95,0.96,0.96,0.96,0.97,0.95,0.96,0.97,0.97,0.98,0.96,0.97
0.94,0.94,0.95,0.95,0.96,0.95,0.96,0.97,0.97,0.97,0.96,0.97,0.97,0.98,0.97
0.94,0.94,0.95,0.95,0.95,0.95,0.96,0.99,0.97,0.95,0.97,0.97,0.99,0.95,0.97
0.94,0.94,0.96,0.95,0.96,0.97,0.96,0.96,0.98,0.97,0.95,0.96,0.98,0.96,0.96
0.94,0.94,0.95,0.95,0.96,0.98,0.96,0.98,0.96,0.96,0.97,0.96,0.98,0.98,0.97
0.94,0.94,0.95,0.96,0.95,0.97,0.97,0.98,0.96,0.98,0.96,0.97,0.97,0.98,0.99
0.94,0.94,0.95,0.95,0.97,0.96,0.97,0.97,0.98,0.98,0.98,0.98,0.98,0.98,0.95
0.94,0.94,0.95,0.95,0.96,0.96,0.97,0.96,0.98,0.96,0.98,0.97,0.98,0.96,0.99
0.94,0.94,0.95,0.95,0.97,0.95,0.96,0.96,0.95,0.97,0.98,0.97,0.98,0.98,0.97
0.94,0.94,0.95,0.95,0.96,0.97,0.96,0.96,0.98,0.98,0.98,0.95,0.97,0.98,1.0
0.94,0.94,0.96,0.95,0.96,0.99,0.96,0.95,0.96,0.98,0.99,0.98,0.97,0.98,0.99
0.94,0.94,0.95,0.95,0.98,0.97,0.97,0.95,0.99,0.95,0.99,0.98,1.0,0.98,0.98
0.94,0.94,0.96,0.95,0.96,0.96,0.97,0.97,0.97,0.97,0.97,0.96,0.98,0.96,0.98
0.94,0.94,0.95,0.95,0.96,0.95,0.95,0.96,0.97,0.96,0.95,0.96,0.96,0.97,0.98
0.94,0.94,0.95,0.95,0.96,0.96,0.96,0.96,0.98,0.96,0.95,0.98,1.0,0.97,0.95
0.94,0.94,0.95,0.95,0.97,0.95,0.98,0.96,0.97,0.99,0.97,0.97,0.96,0.95,0.98
0.94,0.94,0.95,0.96,0.95,0.96,0.95,0.97,0.98,0.96,0.97,0.97,0.98,0.98,0.98
0.94,0.94,0.95,0.95,0.97,0.98,0.96,0.95,0.99,0.97,0.97,0.96,0.97,0.99,0.97
0.94,0.94,0.95,0.96,0.97,0.97,0.96,0.97,0.99,0.96,0.98,0.97,0.97,0.97,0.97
0.94,0.94,0.95,0.95,0.97,0.95,0.96,0.95,0.96,0.98,0.99,0.98,0.96,0.98,0.99
0.94,0.94,0.95,0.95,0.97,0.98,0.97,0.96,0.97,0.97,0.97,0.98,0.98,0.98,0.96
0.94,0.94,0.94,0.95,0.96,0.96,0.97,0.97,0.98,0.97,0.97,0.98,0.96,0.95,0.97
0.94,0.94,0.95,0.95,0.97,0.95,0.95,0.98,0.96,0.97,0.97,0.95,0.97,0.97,0.97
0.94,0.94,0.94,0.96,0.97,0.97,0.96,0.96,0.96,0.97,0.99,0.99,0.99,0.95,0.98
0.94,0.94,0.95,0.95,0.96,0.96,0.96,0.97,0.96,0.96,0.98,0.98,0.98,0.94,0.97
0.94,0.94,0.95,0.95,0.95,0.96,0.96,0.97,0.95,0.96,0.96,0.98,0.97,0.97,0.99
0.94,0.94,0.95,0.95,0.96,0.97,0.97,0.96,0.97,0.97,0.96,0.96,0.96,0.97,0.98
0.94,0.94,0.95,0.95,0.95,0.98,0.96,0.97,0.96,0.97,0.98,0.95,0.98,0.96,1.0
0.94,0.94,0.95,0.96,0.95,0.97,0.96,0.97,0.97,0.98,0.99,0.98,0.96,0.97,0.98
0.94,0.94,0.95,0.94,0.97,0.96,0.96,0.95,0.96,0.96,0.96,0.97,0.97,0.97,0.95
0.94,0.94,0.95,0.95,0.94,0.97,0.96,0.96,0.95,0.96,0.97,0.95,0.98,0.98,1.0
0.94,0.94,0.94,0.95,0.95,0.94,0.98,0.97,0.97,0.96,0.95,0.98,0.97,0.99,0.96
0.94,0.94,0.95,0.95,0.96,0.97,0.98,0.95,0.97,0.96,0.97,0.98,0.99,0.97,0.96
0.94,0.94,0.95,0.96,0.96,0.95,0.95,0.96,0.97,0.97,0.95,0.98,0.96,0.97,0.99
0.94,0.94,0.95,0.95,0.95,0.96,0.98,0.97,0.97,0.99,0.96,0.97,0.97,0.97,0.99
0.94,0.94,0.95,0.95,0.97,0.97,0.96,0.95,0.98,0.98,0.97,0.99,0.98,0.97,0.96
0.94,0.94,0.95,0.95,0.95,0.97,0.95,0.95,0.97,0.97,0.96,0.97,0.97,0.97,0.97
0.94,0.94,0.95,0.95,0.97,0.96,0.96,0.95,0.96,0.96,0.97,0.96,0.98,0.97,0.98
0.94,0.94,0.95,0.95,0.96,0.95,0.97,0.97,0.98,0.97,0.95,0.97,0.97,0.99,0.96
0.94,0.94,0.95,0.95,0.96,0.95,0.96,0.94,0.98,0.97,0.98,0.98,0.98,0.98,0.99
0.94,0.94,0.96,0.94,0.97,0.95,0.96,0.96,0.96,0.95,0.97,0.98,0.96,0.95,0.99
0.94,0.94,0.95,0.94,0.95,0.95,0.95,0.97,0.96,0.97,0.97,0.99,0.98,0.96,0.98
0.94,0.94,0.95,0.95,0.96,0.96,0.94,0.95,0.96,0.97,1.0,0.99,0.96,0.97,0.98
0.94,0.94,0.95,0.95,0.96,0.95,0.97,0.95,0.97,0.97,0.97,0.98,0.97,0.97,0.98
0.94,0.94,0.95,0.95,0.96,0.96,0.98,0.99,0.95,0.95,1.0,0.97,1.0,0.98,0.98
0.94,0.94,0.95,0.95,0.96,0.97,0.95,0.97,0.98,0.95,0.97,0.97,0.96,0.96,0.98
0.94,0.94,0.94,0.95,0.96,0.97,0.96,0.97,0.96,0.95,0.98,0.96,0.97,0.98,0.98
0.94,0.94,0.95,0.95,0.97,0.98,0.97,0.96,0.98,0.98,0.95,0.96,0.98,0.96,0.95
0.94,0.94,0.96,0.95,0.96,0.96,0.96,0.97,0.95,0.96,0.99,0.96,0.97,0.97,0.97
0.94,0.94,0.94,0.95,0.96,0.97,0.96,0.94,0.97,0.96,0.96,0.97,0.96,0.97,0.99
