47,157,195,51,117,33,13,21,9,9,9,9,9,9,9,9,11,9,9,11,11,9,11,9,9,9,9,11,13,9,9,9,11,9,9,9,9,9,11,11,9,9,9,9,11,9,9,9,9,9
107,467,29,59,117,173,47,9,13,9,9,9,9,9,9,9,11,11,9,11,9,11,9,9,11,9,9,11,11,11,9,13,9,15,11,9,9,11,9,9,9,11,9,9,11,11,9,9,9,11
219,95,107,31,197,11,51,31,11,9,9,9,9,9,9,9,9,11,9,11,9,9,9,9,11,13,9,11,9,11,9,9,11,9,11,11,13,11,9,11,9,11,11,11,9,9,9,9,9,11
217,121,17,15,27,27,47,11,15,11,11,9,9,9,9,9,9,9,9,9,11,9,11,11,11,11,11,9,9,9,9,9,11,11,9,9,11,9,11,11,9,9,9,9,11,9,11,11,11,9
37,39,119,153,145,153,13,33,33,9,9,17,11,9,9,9,9,11,9,11,13,11,9,11,11,9,11,9,9,9,9,9,9,9,11,9,11,11,11,11,9,9,11,11,9,11,9,11,11,9
41,75,99,45,93,49,51,15,11,9,9,9,9,11,9,9,9,9,9,11,9,9,9,9,9,11,9,11,9,13,9,9,11,11,9,9,9,9,9,11,11,11,9,9,13,9,9,9,9,9
57,21,215,95,95,21,57,19,11,11,9,9,9,9,9,9,9,11,9,13,9,9,11,9,11,11,9,11,9,9,13,11,9,9,9,9,9,9,9,9,9,9,11,11,9,9,9,11,11,11
63,47,635,21,33,11,19,9,17,9,9,9,9,9,9,9,9,9,9,13,9,9,9,11,9,9,11,11,13,11,9,11,9,9,9,9,9,11,9,9,11,11,9,9,9,11,13,9,9,9
349,297,161,29,79,163,9,21,11,9,9,11,9,9,9,9,9,11,11,11,9,11,9,9,9,13,11,9,11,9,11,9,11,9,9,13,9,9,11,9,11,13,9,9,9,9,11,11,9,11
67,141,211,13,93,11,59,9,11,9,9,9,9,9,9,9,13,9,9,9,9,9,9,9,13,9,9,9,11,11,9,9,9,9,9,11,9,11,9,9,9,9,11,11,9,11,9,15,21,11
171,43,59,37,13,19,15,31,15,9,9,9,9,9,9,11,9,9,9,11,13,9,9,9,9,9,13,9,9,11,9,9,11,9,9,11,9,13,11,9,9,9,11,11,11,9,9,11,9,9
63,21,95,27,123,105,45,9,9,9,11,9,9,9,9,9,9,9,11,11,11,9,9,9,11,9,9,9,11,9,9,9,9,9,9,9,11,9,9,13,9,9,9,9,9,11,9,9,9,9
79,107,39,75,11,15,31,9,19,9,9,9,9,9,9,9,9,9,9,11,11,9,11,9,11,11,9,9,11,13,9,9,9,11,9,9,9,11,11,11,9,9,9,9,9,11,9,9,9,11
559,223,121,21,79,55,49,9,11,9,11,9,9,9,11,9,11,9,9,9,11,11,9,9,11,13,9,9,9,9,9,9,9,9,9,13,9,9,9,11,9,9,9,9,9,11,9,9,11,9
97,123,249,147,51,13,15,47,9,9,9,9,9,9,9,9,9,9,9,9,9,9,9,9,9,11,9,9,15,11,9,9,11,11,11,9,13,11,11,11,11,11,9,9,9,9,19,11,9,9
633,127,51,339,31,151,141,21,13,9,9,9,9,9,9,9,11,9,9,9,9,11,13,9,9,11,11,11,11,9,11,11,9,9,9,9,13,9,11,9,9,11,9,9,11,9,11,9,11,9
249,383,31,131,13,23,49,9,9,9,11,9,9,9,9,9,9,9,9,11,11,13,9,9,15,11,11,9,9,9,11,11,9,11,11,11,11,9,11,9,9,9,11,11,9,9,11,11,11,9
201,465,19,217,149,9,35,47,11,15,9,9,9,9,9,11,9,9,9,9,9,9,9,9,11,9,9,9,9,9,9,11,11,11,9,9,9,11,11,9,9,9,9,9,9,9,9,11,11,11
175,175,57,97,77,59,9,11,9,11,13,9,9,9,9,9,13,11,9,11,11,9,9,11,9,9,9,9,11,9,11,9,9,9,9,9,9,9,9,9,9,11,11,13,11,9,9,11,9,9
593,381,233,73,133,75,9,91,9,11,9,9,9,9,9,9,9,9,9,11,9,9,9,9,11,9,9,9,9,11,13,9,9,9,9,9,9,11,9,9,9,11,13,9,9,9,9,13,9,11
153,243,249,39,39,63,13,21,11,9,9,9,9,9,9,9,11,9,9,9,9,9,11,9,9,9,9,9,9,9,9,9,9,9,11,9,11,11,11,9,9,9,11,9,11,9,9,11,11,9
481,135,147,103,37,13,15,47,11,9,11,9,9,11,9,9,11,9,9,9,9,11,11,15,11,11,15,11,11,9,11,11,9,11,11,11,9,9,11,11,9,11,9,13,9,9,9,9,11,11
1000,135,323,363,157,105,25,39,9,9,11,9,9,9,9,9,9,11,11,11,11,9,9,11,11,9,9,13,13,11,11,9,9,11,15,9,9,11,11,9,9,13,9,9,9,11,9,9,11,9
129,47,161,69,19,11,13,9,21,9,11,9,9,9,9,9,9,9,9,9,9,11,9,9,9,11,9,9,11,11,9,9,11,9,9,9,11,11,11,11,19,9,11,9,11,9,9,9,9,9
137,169,145,121,287,49,35,9,11,9,9,11,9,9,9,9,9,11,9,9,9,9,11,11,9,11,9,11,9,9,11,9,13,9,11,9,11,9,9,11,9,11,9,9,11,9,9,9,9,9
61,217,17,131,9,13,39,15,9,9,9,11,9,9,11,9,9,11,9,11,9,9,9,15,13,11,9,11,11,9,9,9,9,11,13,9,9,9,11,15,9,11,9,9,9,11,9,9,11,9
357,75,135,125,25,27,59,51,11,9,9,9,9,9,9,9,9,9,9,9,11,11,15,11,11,9,9,11,9,11,9,9,11,11,9,9,11,9,11,11,9,11,11,9,9,11,9,11,11,9
87,55,33,93,15,35,33,17,13,9,9,9,9,9,9,9,9,9,9,9,9,9,11,11,9,13,11,9,9,9,9,11,11,9,9,11,11,9,11,9,11,9,15,9,9,11,9,11,9,9
51,109,97,45,21,9,11,13,13,11,9,9,9,9,9,9,9,9,9,9,9,9,11,11,11,11,9,9,9,9,9,9,9,11,9,11,9,9,9,9,11,11,9,11,11,9,11,11,11,9
857,53,395,33,95,13,21,9,9,9,9,9,9,9,9,9,11,13,11,9,11,11,9,9,13,11,9,11,9,15,9,9,9,9,9,9,9,9,11,11,9,9,9,11,9,11,11,9,11,9
13,131,185,163,293,17,13,35,29,9,13,9,9,9,9,9,11,9,9,11,11,11,9,9,11,9,11,9,9,9,11,9,9,11,13,9,9,11,9,11,11,9,11,13,9,9,9,9,9,11
165,121,209,389,15,27,33,9,19,11,9,9,9,9,9,9,9,9,11,11,13,9,9,9,9,11,9,9,9,11,9,9,11,13,9,11,11,11,9,11,11,9,11,9,9,11,9,11,11,9
33,113,33,15,243,33,19,41,11,9,11,9,9,11,9,11,9,9,13,9,11,9,9,9,9,13,11,9,9,11,9,9,11,9,9,11,11,9,11,9,9,9,9,9,9,9,9,15,11,9
145,45,251,61,43,9,13,13,11,9,11,9,9,9,11,11,11,9,9,9,9,9,9,11,9,9,11,11,9,9,11,9,9,9,13,13,9,11,9,9,9,13,11,13,9,9,11,11,9,11
149,11,109,85,51,47,35,9,9,9,11,9,9,9,9,11,9,9,9,9,11,9,9,9,11,9,11,9,9,13,11,11,9,9,9,11,9,11,11,9,11,11,11,11,9,9,11,11,11,11
119,679,35,61,21,31,115,11,9,13,9,9,9,9,9,9,13,11,9,11,9,9,9,13,11,9,11,11,9,9,9,9,9,9,11,11,11,9,9,11,11,9,9,9,11,9,9,9,9,11
103,67,99,25,107,19,51,9,19,9,9,11,9,11,9,9,9,9,9,9,11,9,9,9,15,9,13,11,11,9,11,11,11,9,11,9,11,11,13,11,9,11,9,11,9,11,9,9,19,11
111,579,13,85,97,37,15,9,17,9,13,9,9,9,9,9,9,9,11,9,9,9,9,9,13,9,9,9,9,9,9,11,9,9,9,9,9,11,9,9,11,11,11,11,9,9,9,11,11,11
37,271,169,181,219,169,37,39,9,9,11,9,9,9,9,9,11,9,9,9,9,9,11,9,15,11,9,15,9,11,9,11,11,9,11,9,9,9,9,13,9,9,15,11,11,9,11,11,9,11
139,405,179,125,15,21,17,13,13,11,9,9,9,9,9,9,9,9,11,11,11,11,9,9,9,11,15,11,11,9,11,11,11,11,9,9,9,11,13,9,11,9,9,11,9,11,9,11,9,9
123,265,577,635,19,31,63,9,23,9,9,11,9,9,11,9,9,9,9,9,9,9,11,11,11,11,11,11,9,11,9,9,9,9,9,9,9,9,9,11,13,9,9,11,9,9,11,9,9,11
73,159,19,25,71,9,9,39,17,9,9,9,9,9,9,9,9,11,9,11,9,9,13,11,9,11,11,11,9,11,11,11,9,9,11,11,9,9,11,9,13,9,9,11,11,11,11,9,11,9
125,37,33,21,277,95,71,9,9,9,9,9,9,11,9,9,9,9,11,9,9,9,11,9,9,9,9,11,11,9,9,9,9,9,9,11,11,9,9,9,9,11,9,9,9,9,11,11,9,9
71,151,253,39,53,15,11,57,19,17,9,9,13,9,9,11,9,11,13,9,11,9,9,9,9,9,9,11,9,11,11,9,13,9,11,13,9,9,11,9,9,9,9,11,9,9,9,11,11,9
43,23,41,29,61,73,15,11,57,13,9,9,9,9,9,9,9,9,9,9,11,9,9,11,11,11,11,9,11,9,11,13,13,11,13,9,9,9,19,9,9,9,11,11,9,11,9,9,9,9
45,135,147,11,9,13,11,61,11,9,9,9,9,9,9,9,9,9,13,11,9,11,11,9,13,9,11,9,9,9,15,11,9,9,11,11,11,9,11,9,9,9,11,9,9,9,9,11,9,13
193,53,227,51,141,39,17,11,11,13,9,9,9,9,9,9,11,9,9,11,11,9,9,9,13,11,9,9,11,9,9,11,9,11,11,9,9,9,9,11,11,9,9,9,9,9,9,9,11,9
23,81,35,51,179,97,23,21,11,17,9,11,9,11,11,9,9,9,9,9,9,9,11,9,9,9,9,9,11,9,9,11,9,11,9,11,9,9,11,11,9,9,9,11,11,11,9,13,9,11
197,73,125,135,137,21,23,13,15,9,9,9,9,9,9,9,13,9,9,11,9,11,9,9,9,19,13,9,11,9,9,11,11,9,11,11,11,9,11,11,9,11,9,9,9,9,9,13,9,9
17,155,19,53,389,9,13,11,9,9,9,9,9,9,9,9,9,11,9,9,9,9,9,9,9,11,9,9,9,9,11,9,11,9,9,9,9,9,9,9,9,9,9,11,9,11,9,9,9,11
15,57,293,31,17,11,25,11,9,9,9,9,9,9,9,9,9,11,9,9,9,11,9,9,9,9,13,11,9,9,9,11,9,9,11,9,11,9,9,9,9,11,9,9,11,9,9,9,9,9
609,125,223,17,123,71,9,31,21,11,11,9,9,11,11,9,9,9,9,9,13,9,13,9,9,9,9,11,11,9,9,9,11,11,9,9,9,11,11,9,11,11,9,9,11,9,9,11,9,9
235,543,25,33,19,57,25,9,9,15,9,11,9,9,9,11,9,11,11,9,9,9,9,9,13,11,9,9,9,9,11,9,11,11,11,11,9,11,9,11,15,13,11,11,9,9,9,9,11,11
87,69,61,13,99,75,15,17,11,11,9,9,11,9,9,9,9,9,9,11,9,13,9,9,9,11,9,11,11,9,9,11,9,9,9,11,11,13,9,9,9,13,11,9,13,11,9,11,11,9
891,31,53,163,19,119,47,9,19,11,9,9,9,9,9,9,9,9,11,9,9,9,9,15,9,11,11,11,11,11,9,9,11,9,11,9,9,9,13,9,11,9,9,13,9,11,9,11,13,9
193,281,9,37,41,11,9,13,9,9,9,11,9,9,11,9,9,11,9,9,13,9,9,9,9,11,9,11,9,11,9,9,9,9,9,9,9,9,9,11,11,9,9,9,9,11,9,9,9,11
49,25,27,27,109,15,19,99,15,25,9,23,9,11,9,9,9,9,9,9,9,11,11,9,9,9,9,9,11,11,11,9,9,9,11,9,11,11,9,11,9,9,11,9,9,9,11,9,9,9
365,37,57,25,73,27,13,49,9,9,9,9,9,9,9,9,9,9,11,11,9,9,9,9,13,9,9,9,9,9,9,9,11,9,11,11,9,11,9,9,11,11,9,11,9,13,11,11,9,11
133,29,133,33,273,17,25,31,11,9,9,11,9,9,9,9,11,11,9,11,9,11,9,9,11,9,9,9,11,11,11,9,11,11,9,11,11,11,9,11,9,11,11,9,9,9,9,11,9,9
141,17,171,183,179,47,27,37,13,19,9,9,11,9,9,9,9,11,13,9,11,11,9,9,11,9,11,9,9,9,9,9,9,9,11,9,9,9,9,9,9,9,11,9,11,11,11,9,9,9
305,21,149,127,13,29,25,27,15,9,13,9,9,9,9,9,9,9,9,9,9,11,9,9,11,11,9,9,9,9,9,9,9,9,9,9,9,11,9,11,11,11,11,11,13,9,9,11,9,11
953,155,39,13,83,21,19,9,9,11,9,9,9,9,9,9,9,11,9,11,9,9,11,11,9,11,11,9,9,13,9,9,13,9,9,11,11,9,15,13,9,9,11,17,9,9,9,9,9,13
335,59,181,245,125,55,35,15,13,11,11,9,9,9,13,9,9,9,13,9,9,9,9,11,9,13,9,11,9,9,9,11,9,11,9,9,9,9,11,9,9,9,11,9,9,11,9,9,9,9
61,43,191,17,29,125,49,27,9,9,9,9,9,9,9,11,9,9,9,9,9,9,9,9,11,9,11,9,9,9,9,11,11,9,13,9,9,9,9,9,11,15,9,13,9,9,9,11,11,11
127,153,171,41,29,9,85,23,11,11,13,9,9,9,9,9,9,11,11,9,11,9,9,9,9,9,11,9,11,9,11,9,9,15,9,11,9,9,11,9,9,11,9,11,9,9,9,9,9,9
461,327,365,87,143,9,29,19,11,9,11,9,9,9,9,9,11,9,9,9,9,11,9,9,9,11,11,9,9,13,11,11,11,11,11,11,11,11,9,9,9,15,9,11,9,9,9,9,9,11
265,163,101,181,185,21,35,9,17,13,11,11,9,9,11,9,9,11,9,9,9,11,13,9,11,9,9,9,11,9,11,11,9,11,9,11,9,11,9,11,9,15,9,9,9,9,9,11,9,11
417,41,21,21,89,67,23,45,17,11,13,9,9,9,9,9,9,9,11,9,13,9,9,11,11,9,13,13,9,9,9,11,9,9,11,13,11,11,9,9,11,11,11,9,11,9,9,11,9,11
97,177,139,17,13,35,15,39,15,9,11,9,9,9,11,9,9,9,9,11,9,9,9,11,9,9,9,11,9,9,11,9,9,9,11,9,9,9,11,9,11,9,9,9,9,11,9,9,9,9
19,87,215,19,199,11,35,11,21,15,9,9,9,9,9,9,9,9,11,9,11,9,11,9,9,9,9,11,9,9,9,9,11,11,9,9,11,11,11,11,9,9,11,9,11,11,11,11,9,11
65,199,151,291,33,13,83,11,9,9,9,9,9,9,9,9,9,9,11,9,9,9,11,9,9,11,9,9,11,15,9,9,9,11,9,11,11,9,11,11,13,11,9,11,11,9,11,11,11,11
347,63,521,37,149,59,105,9,11,9,11,9,11,11,9,9,11,9,9,11,9,13,9,9,13,9,9,9,9,9,11,9,11,11,9,11,9,9,11,11,9,11,9,9,9,11,9,9,9,9
75,9,741,153,81,75,21,21,11,9,9,9,9,9,11,9,9,9,9,9,9,11,11,9,11,9,11,11,11,9,9,11,9,9,9,9,11,9,9,11,9,11,11,9,9,9,9,9,9,11
129,209,297,219,61,49,127,35,9,15,9,9,9,9,9,9,9,11,9,11,13,9,9,9,11,11,11,9,11,9,9,9,11,9,11,11,11,9,9,9,9,11,9,9,11,9,13,13,9,9
29,47,129,29,101,71,11,11,9,9,9,9,9,9,9,9,9,9,9,11,11,9,9,9,9,11,9,9,9,9,9,11,9,9,11,11,11,11,11,9,11,11,9,9,11,11,11,11,11,11
45,37,9,69,27,33,11,43,9,9,9,9,9,9,9,9,9,9,11,15,9,11,9,11,9,11,9,9,11,9,9,11,9,9,11,9,9,9,9,9,11,11,11,9,9,11,11,11,9,11
125,37,33,57,35,15,25,73,13,21,9,9,9,9,9,9,9,11,11,9,11,9,11,9,11,9,11,13,9,9,9,9,9,9,9,11,9,9,13,11,11,9,9,11,9,11,9,9,11,9
15,227,21,805,153,129,9,13,11,9,9,9,9,9,11,9,9,13,11,11,9,11,11,11,11,9,11,11,9,9,9,11,13,11,11,11,9,9,9,9,11,9,11,11,11,11,11,9,9,9
1000,635,59,341,23,69,17,17,21,9,11,9,9,9,9,9,9,9,11,11,9,9,9,9,9,9,9,9,9,9,9,13,11,9,11,9,19,9,11,9,9,11,11,9,11,9,11,9,15,9
283,87,33,111,109,53,91,11,13,9,9,9,9,9,9,9,11,9,9,9,9,9,9,9,11,9,9,9,11,9,9,11,9,9,9,9,9,9,9,9,9,11,9,13,9,9,9,9,11,9
285,55,33,207,19,183,15,15,13,13,9,9,9,9,9,11,9,11,9,9,11,9,9,13,11,9,9,11,9,11,9,9,11,11,11,11,15,9,11,9,11,9,9,11,9,11,11,9,9,11
65,79,179,13,9,37,35,15,9,11,11,9,9,9,9,9,11,9,9,9,9,9,9,11,9,13,11,9,11,11,9,9,15,11,11,9,9,11,11,9,9,11,9,9,11,9,9,9,11,11
25,39,131,39,23,25,17,19,11,19,9,9,9,9,9,9,11,11,11,11,9,9,9,9,9,9,9,9,9,9,11,9,9,9,9,11,11,11,13,11,9,9,11,9,13,11,11,9,11,11
105,27,329,117,15,29,23,13,17,25,9,9,9,9,9,9,11,9,9,9,11,9,9,9,9,11,9,9,9,9,11,9,9,11,11,11,9,9,9,9,11,11,9,9,9,11,11,9,9,9
365,77,353,33,13,53,17,27,13,11,9,9,9,9,9,11,9,13,11,9,9,11,9,9,11,9,9,9,9,9,11,9,9,9,9,9,9,13,13,11,11,9,9,11,9,11,9,13,11,9
59,575,485,11,67,9,41,9,11,9,11,9,9,9,9,9,9,9,9,9,9,11,11,9,9,11,9,9,9,13,9,9,11,9,9,11,11,13,9,9,9,11,15,11,9,9,9,9,15,11
129,79,411,239,13,11,19,9,11,9,11,9,9,9,11,9,9,9,9,9,9,11,11,13,11,11,9,9,11,11,11,9,11,11,9,11,9,11,11,9,15,9,11,9,9,9,9,11,11,9
27,613,61,61,17,17,63,13,13,11,9,9,9,9,9,9,9,9,11,9,11,9,9,11,11,11,11,9,9,9,9,9,9,11,9,11,9,11,9,9,11,9,11,11,9,11,9,9,9,11
431,437,81,37,249,87,117,63,13,9,9,9,9,9,9,9,9,9,9,9,9,11,9,11,9,9,11,9,9,9,11,11,11,9,15,9,11,9,11,9,9,9,9,9,11,9,9,11,11,9
487,59,209,203,123,13,39,19,43,19,9,9,9,9,9,9,11,9,9,9,9,11,9,9,11,9,11,9,9,11,9,11,9,13,9,11,9,11,9,9,9,9,9,11,9,11,11,9,11,9
1000,571,53,163,29,27,9,63,9,11,9,9,9,9,9,9,9,11,11,9,9,9,11,9,9,9,9,15,11,9,9,11,9,11,9,11,9,9,9,11,15,11,11,11,11,11,9,9,9,11
251,405,31,69,47,9,25,27,29,9,9,9,9,9,9,9,9,9,9,9,9,9,9,11,9,9,9,9,11,9,11,9,11,9,9,9,9,11,9,9,9,9,9,9,9,11,9,9,9,9
85,975,21,125,25,171,33,9,9,13,9,9,9,9,9,9,11,11,9,9,9,11,9,9,9,13,9,9,11,11,11,9,9,9,9,13,11,9,9,11,13,9,9,9,11,9,9,11,11,11
161,127,153,25,61,69,35,25,9,9,9,9,13,9,9,9,9,9,11,11,11,9,9,9,9,11,13,11,11,9,9,11,11,9,9,9,9,9,11,11,9,11,9,11,9,9,9,11,11,9
91,213,73,9,73,37,79,11,13,9,9,9,9,9,9,11,9,9,11,9,11,9,9,9,11,9,9,9,9,9,11,9,9,9,9,9,9,11,11,9,11,9,9,9,11,9,9,9,9,11
51,347,59,467,93,57,29,9,27,9,11,9,9,9,9,9,9,11,11,11,9,11,9,9,11,11,11,11,9,9,13,9,11,9,9,11,9,9,9,9,9,9,9,13,11,9,11,9,11,13
259,85,103,43,185,27,17,37,11,17,9,9,9,9,9,9,9,9,11,11,9,11,9,9,9,11,9,9,9,9,11,15,9,9,11,9,15,9,9,13,11,11,11,11,9,9,9,9,9,9
257,163,45,81,9,71,9,9,11,9,9,9,9,9,11,9,9,9,9,9,9,9,9,11,13,9,11,9,11,11,11,9,11,11,9,9,9,9,11,9,11,9,9,11,9,11,11,9,11,9
515,39,149,63,53,95,45,31,31,15,9,9,9,9,11,9,9,9,11,11,9,9,11,9,11,9,9,11,11,11,9,9,11,11,9,9,9,13,9,9,9,11,9,9,9,9,11,9,11,11
639,99,193,133,33,21,73,15,9,9,9,9,9,9,9,9,9,9,9,11,9,11,9,9,9,11,11,9,9,13,9,11,9,9,9,13,11,11,9,9,9,11,9,9,13,9,9,9,11,11
879,87,57,73,19,55,9,9,25,13,9,9,9,9,9,9,9,9,13,9,9,9,13,11,11,9,9,13,11,9,11,9,11,11,11,9,9,11,11,9,9,11,11,11,9,9,9,11,11,9
75,151,59,21,123,53,13,45,11,9,9,11,9,9,9,9,9,9,13,9,9,11,9,11,11,11,11,11,11,9,9,9,9,11,11,11,9,9,9,11,9,9,9,9,9,11,11,15,9,9
347,359,85,51,23,53,35,21,9,23,13,9,9,11,9,9,9,11,9,9,9,9,9,9,9,9,9,11,9,11,9,11,9,13,11,11,9,9,13,9,11,9,9,9,9,9,9,9,11,15
97,121,49,31,59,15,45,23,13,9,11,9,9,11,9,9,9,13,13,9,9,11,11,11,11,9,9,9,9,9,11,9,13,11,9,11,11,9,11,11,11,9,9,9,9,11,11,11,9,9
253,215,159,25,27,59,31,9,21,9,9,9,9,9,9,9,9,9,9,9,9,11,9,9,9,9,9,11,11,13,11,9,13,11,11,9,11,23,9,11,9,11,9,11,9,11,9,9,9,11
41,257,49,215,51,33,65,39,13,9,9,9,9,9,11,9,9,11,9,11,9,11,13,11,9,9,11,9,9,11,9,9,11,9,11,11,11,9,9,9,9,11,11,11,9,9,11,9,9,11
291,101,47,257,161,13,9,53,15,9,9,9,9,9,9,11,9,9,11,9,9,11,11,9,9,9,11,9,9,9,9,9,11,9,11,9,9,9,9,9,11,11,9,9,11,9,9,11,9,9
95,71,95,199,273,11,33,15,11,11,9,9,9,9,9,9,11,11,9,9,9,9,9,9,9,11,11,11,11,11,9,9,13,9,9,11,9,9,9,11,9,9,9,9,9,11,13,11,9,11
213,121,31,15,13,33,11,13,31,11,9,9,9,9,9,9,15,9,11,15,9,11,11,9,9,9,9,11,11,11,9,11,9,13,9,11,9,13,9,9,9,9,9,11,9,11,9,11,11,9
351,53,245,89,11,97,13,13,19,9,13,9,9,9,9,9,9,11,9,9,9,9,9,11,9,9,11,9,9,9,11,13,11,11,9,11,9,13,11,9,9,9,11,11,11,11,13,11,9,11
19,49,17,27,13,57,97,15,9,9,9,9,9,9,9,9,9,11,9,9,9,9,9,11,9,9,9,11,9,11,9,9,13,11,9,13,9,9,11,11,9,9,9,9,9,11,9,11,9,11
1000,15,105,65,63,197,9,19,13,9,9,9,9,11,9,9,9,9,9,9,11,9,9,11,9,9,9,9,13,11,9,9,9,11,9,9,9,9,9,9,9,9,9,11,9,9,9,9,11,11
117,281,427,37,105,171,13,11,19,11,9,9,9,9,9,9,9,9,11,9,13,11,9,9,9,13,11,11,9,11,15,9,11,9,9,9,9,9,9,13,9,11,11,9,11,11,9,11,9,11
1000,235,43,41,209,39,39,19,23,11,11,9,9,9,13,9,9,11,9,11,9,11,9,9,9,9,9,9,9,11,9,11,9,9,9,9,9,9,9,9,11,9,9,11,9,11,9,11,9,9
359,33,343,371,39,11,53,11,17,13,9,9,9,9,9,9,9,9,9,11,11,9,11,11,13,11,11,9,9,9,11,13,9,9,11,11,9,11,9,9,9,11,9,9,19,11,11,9,11,11
105,35,121,61,193,53,13,23,9,9,17,9,9,9,9,9,9,9,11,11,9,11,9,11,9,9,11,9,11,11,9,9,9,17,9,9,11,9,11,9,11,11,9,11,11,9,9,9,9,9
9,281,15,71,39,15,39,15,13,9,9,9,9,9,11,11,11,11,9,9,9,9,13,9,11,9,9,9,9,11,9,11,11,9,11,9,9,9,9,11,9,9,11,11,11,9,9,11,9,11
131,513,93,15,13,25,15,25,11,13,9,11,9,9,9,9,9,9,9,9,9,11,9,11,9,9,9,9,9,11,13,15,11,9,11,11,11,9,11,9,9,11,9,11,9,11,9,9,9,9
81,43,303,15,25,69,73,27,13,9,9,9,9,9,9,9,9,9,9,9,11,11,15,9,11,9,9,11,11,11,9,11,11,9,9,11,9,11,9,9,9,13,9,9,11,11,11,11,11,11
39,209,65,127,111,51,37,9,11,11,9,9,11,9,9,9,9,11,9,9,9,11,9,11,9,11,9,9,11,11,11,9,11,11,11,9,11,11,9,11,9,9,13,9,9,9,9,11,9,9
259,115,265,331,137,65,11,13,13,11,11,9,9,9,9,11,9,11,9,9,9,11,9,11,9,11,11,11,9,9,11,9,9,11,9,11,9,9,13,9,11,9,9,9,9,9,9,9,9,13
93,27,89,39,25,11,35,43,9,9,11,9,9,9,9,9,11,9,9,9,9,9,9,9,9,9,11,9,13,9,9,9,9,11,11,11,9,11,9,11,9,11,9,11,11,9,11,9,11,11
73,95,375,15,121,125,39,51,9,9,9,9,9,11,9,9,11,9,9,9,11,11,9,9,9,9,9,11,9,11,9,9,9,9,11,11,9,9,9,9,9,11,9,11,9,9,9,9,9,9
43,909,271,21,45,13,17,9,9,9,9,11,9,9,9,9,9,11,9,9,9,9,11,9,11,13,11,11,11,9,11,11,9,11,9,9,9,11,9,11,9,9,11,11,9,13,11,9,9,11
183,311,131,21,39,27,23,49,13,9,9,11,9,9,9,9,9,11,9,9,9,13,11,9,11,9,9,9,9,9,13,9,11,11,11,11,11,11,9,13,11,9,11,11,11,9,15,11,13,9
139,15,55,127,29,151,53,13,11,11,9,9,9,9,9,9,9,11,9,9,9,9,9,9,11,9,11,9,9,9,9,11,13,9,11,11,9,11,9,11,11,11,9,9,13,9,11,11,13,9
345,55,155,51,73,53,35,29,11,9,9,9,9,9,9,11,9,9,11,9,11,9,13,15,11,11,9,9,11,11,13,9,11,13,9,9,13,9,9,9,9,9,11,11,9,11,9,9,9,9
311,33,103,15,9,33,13,9,9,9,9,9,9,9,9,9,9,9,9,9,11,9,9,9,11,11,9,9,11,11,9,9,11,9,9,9,9,9,13,11,9,11,11,9,11,9,11,9,9,9
35,59,27,317,37,15,11,13,13,11,11,9,9,9,9,9,9,11,9,11,9,11,11,9,11,9,9,9,9,9,11,11,9,11,9,9,9,11,11,9,11,9,9,11,9,9,11,9,9,11
827,397,111,77,19,103,13,25,25,9,11,9,9,9,9,9,11,11,9,9,9,9,9,11,9,9,9,11,13,11,11,9,11,11,9,9,9,9,9,11,9,9,11,9,11,11,9,11,11,11
109,533,249,63,57,41,27,9,33,9,11,11,9,9,9,9,11,9,9,9,15,11,9,9,11,9,9,11,9,9,9,11,9,9,9,11,9,9,13,11,9,9,11,9,11,9,9,9,9,9
19,193,747,39,31,11,55,9,9,9,9,9,11,9,9,11,9,9,9,9,11,11,9,11,11,9,11,15,11,9,11,9,11,9,11,9,9,9,9,9,9,9,9,9,11,11,11,9,11,9
95,101,67,157,63,11,17,9,11,21,11,9,11,9,9,9,9,9,11,9,9,11,11,13,13,11,9,9,9,9,9,9,11,9,9,11,9,13,11,9,11,9,11,9,11,11,9,9,11,9
11,37,75,73,125,41,43,11,9,11,11,9,9,9,9,9,9,9,9,11,11,9,11,9,11,9,11,9,9,9,11,9,9,9,9,11,15,11,11,9,9,11,11,9,9,9,11,9,11,11
655,965,75,103,137,93,23,13,11,11,9,9,9,9,9,9,9,9,9,9,9,9,9,13,9,11,9,11,9,11,11,9,11,9,11,9,9,9,11,9,15,9,9,9,9,11,11,9,11,9
431,75,147,21,79,11,47,13,35,9,9,9,9,9,9,9,9,11,9,9,11,11,9,15,13,9,11,11,11,11,9,11,9,9,11,9,9,9,13,11,11,9,11,13,9,11,11,9,11,11
303,1000,225,157,29,11,9,21,13,11,9,9,9,11,9,9,9,9,9,9,9,11,9,13,9,11,9,11,9,11,9,13,9,9,9,9,9,9,9,9,11,11,9,9,11,9,9,11,9,9
37,33,271,15,65,15,19,37,9,9,9,9,9,9,9,9,9,9,9,9,9,11,9,11,11,9,11,11,9,9,11,11,11,9,11,9,9,11,9,11,9,9,11,11,9,9,9,11,11,9
85,95,15,21,71,129,61,19,9,9,9,9,9,9,9,9,9,9,9,11,11,9,11,9,9,11,9,11,9,9,11,9,13,9,9,9,9,11,11,9,9,9,9,9,9,9,9,9,9,9
21,61,103,147,11,19,23,9,19,9,9,9,9,9,9,9,9,11,9,11,11,13,9,11,11,9,9,9,9,9,9,9,9,11,9,9,9,9,11,11,9,9,9,9,11,9,9,15,9,11
13,895,161,93,39,117,101,21,27,13,9,9,9,11,9,9,9,9,9,9,9,9,9,9,11,9,9,9,9,9,11,9,9,11,11,11,9,11,11,11,11,9,11,9,9,11,9,9,9,11
123,59,85,155,37,91,51,21,9,11,9,9,9,9,9,9,9,9,9,9,13,9,9,11,9,9,11,9,9,11,11,11,9,9,9,9,13,9,9,9,11,9,11,9,9,9,9,9,11,9
193,279,27,95,85,29,29,15,9,9,9,9,11,9,9,9,9,9,9,9,9,11,9,9,11,17,9,9,9,11,9,9,11,9,9,11,11,9,9,9,9,11,9,9,9,13,11,9,11,11
163,131,57,103,63,23,11,9,9,11,9,9,9,9,9,9,9,11,11,9,9,11,9,9,9,9,11,13,11,11,9,23,9,11,9,9,9,13,9,11,9,9,9,9,9,11,9,9,11,9
23,11,77,57,119,27,19,27,15,9,9,9,9,11,9,9,9,9,9,9,11,9,9,9,11,11,9,11,9,9,11,9,9,11,9,13,9,11,11,9,11,9,9,9,11,11,11,11,11,9
187,201,79,541,29,47,9,43,19,9,9,9,9,9,9,9,9,11,9,9,9,11,9,9,9,9,9,11,11,11,9,9,11,13,9,13,9,11,9,9,9,9,9,9,9,11,9,11,11,11
33,19,63,57,67,17,17,19,11,9,9,9,9,9,11,11,13,9,11,9,9,9,11,9,9,11,9,11,9,13,9,9,13,9,9,9,11,11,11,9,11,9,11,11,11,9,9,11,11,11
149,173,61,157,125,25,25,35,9,11,9,13,9,9,9,9,11,9,9,11,9,9,9,11,11,9,9,9,11,11,11,11,9,9,9,11,9,11,11,11,13,9,9,9,9,9,11,9,9,9
325,147,31,185,103,13,93,13,31,9,9,9,9,9,9,9,9,9,11,11,9,9,9,11,9,9,9,11,9,11,9,11,11,9,9,9,9,9,11,13,13,11,13,9,9,13,13,11,11,11
269,163,27,37,31,13,21,9,9,9,9,9,9,9,9,9,9,13,9,11,9,9,11,11,11,11,9,9,9,11,9,9,9,11,11,9,9,9,11,9,9,9,9,9,9,13,9,9,11,9
275,299,399,59,19,9,13,37,11,13,9,9,9,11,9,11,9,11,11,9,9,11,9,11,9,13,9,11,9,9,9,9,11,11,9,11,9,9,9,13,9,9,13,9,11,9,13,9,13,9
65,149,421,85,37,83,39,61,9,9,11,9,9,9,13,9,9,9,11,9,9,11,9,11,11,15,11,11,9,9,9,11,9,9,11,9,11,9,9,11,9,9,11,11,9,11,9,11,11,13
343,401,103,257,177,87,35,55,13,9,9,9,9,9,9,9,9,9,9,9,9,9,11,11,9,9,11,11,9,9,9,11,11,9,11,9,9,9,9,9,9,11,11,9,11,9,13,9,11,9
87,95,21,129,55,71,61,93,25,13,9,11,11,9,9,9,9,9,11,9,11,9,9,9,9,9,11,9,11,11,9,9,13,9,9,19,11,9,9,11,9,11,11,9,13,13,13,11,11,11
107,269,17,17,79,81,27,11,25,11,9,9,9,9,11,9,9,9,9,11,9,11,9,11,11,9,9,9,9,11,11,11,9,11,15,11,11,11,11,9,9,11,9,9,9,9,9,9,9,9
115,45,29,15,111,53,11,21,9,11,9,9,9,9,9,9,9,9,9,9,9,9,9,9,9,9,9,11,11,11,11,9,11,11,11,9,9,9,11,9,11,9,9,11,9,9,11,9,11,9
783,9,191,71,13,11,15,15,17,9,11,9,9,9,9,9,9,9,13,9,11,11,9,9,11,9,9,13,15,11,11,9,9,9,9,11,9,9,11,9,13,11,9,11,11,13,9,9,11,9
373,201,57,109,73,21,77,59,17,9,9,9,9,9,9,9,9,9,9,11,9,9,11,9,11,9,11,11,9,9,9,9,9,11,9,9,9,9,9,9,9,11,11,9,11,9,11,11,9,11
99,395,459,43,17,21,13,43,9,17,11,9,9,9,13,9,9,9,11,9,9,11,9,9,11,13,9,11,9,11,9,11,9,11,9,11,9,9,9,11,11,11,9,9,11,11,19,11,9,13
201,423,29,111,57,9,21,13,11,9,9,9,11,9,9,9,9,9,9,9,11,9,9,11,11,9,9,11,9,9,9,9,9,9,13,11,13,11,9,9,11,9,13,9,11,11,9,9,11,11
37,285,75,45,45,11,13,25,9,9,9,9,9,9,9,9,11,9,9,9,9,9,9,9,9,9,9,9,9,11,13,11,11,9,11,9,11,9,11,9,9,11,11,9,9,9,11,9,11,11
333,453,29,229,29,23,11,9,9,9,9,9,9,9,9,11,9,9,9,9,9,9,9,11,9,9,9,9,9,9,9,13,9,9,9,9,9,9,11,9,11,11,11,11,11,9,9,9,11,11
499,25,281,195,19,11,39,37,9,9,9,9,9,9,9,11,11,13,9,9,11,9,9,13,9,11,9,9,9,11,11,11,9,11,9,11,11,9,11,11,11,9,11,11,13,9,9,9,11,9
171,65,139,411,15,67,15,9,9,9,9,9,9,9,9,9,9,9,11,9,9,9,9,9,11,9,9,13,11,9,11,9,11,9,11,11,11,13,9,9,9,9,11,13,11,9,9,9,11,9
251,127,249,45,41,15,47,19,29,9,9,9,9,9,9,9,9,9,11,9,9,9,11,11,9,11,13,9,13,11,11,9,13,11,9,9,9,9,9,21,11,11,15,9,9,9,9,9,9,9
569,37,255,453,73,23,19,15,11,9,9,9,9,11,9,11,9,9,9,11,13,9,11,9,11,9,9,11,11,9,9,15,11,9,11,11,9,9,9,9,9,11,9,35,11,9,11,11,9,11
151,119,59,13,27,9,63,9,15,11,9,11,11,9,9,9,9,9,11,11,13,11,11,9,9,9,11,9,9,9,9,11,11,9,11,11,9,9,11,9,11,9,9,9,9,9,11,11,11,11
39,115,59,11,51,59,13,67,11,9,9,9,9,9,9,9,9,9,11,9,9,9,11,9,11,9,11,11,9,11,11,9,11,11,9,11,9,9,11,11,11,9,11,9,9,11,11,9,11,11
15,255,85,129,49,11,21,15,11,15,9,9,9,11,11,11,9,9,11,9,9,9,11,13,11,9,11,9,9,9,9,9,9,9,9,9,11,9,9,11,11,11,9,9,11,11,9,9,11,9
11,13,63,221,117,69,13,11,9,11,9,9,9,9,9,9,11,9,9,9,9,11,9,9,9,11,9,11,13,11,9,9,11,9,11,13,11,9,9,9,11,11,11,13,9,11,11,11,11,11
237,135,561,145,17,59,9,65,9,9,9,9,9,9,9,9,9,11,9,9,11,9,11,9,9,9,13,11,9,13,15,13,9,11,9,11,11,9,11,9,11,13,11,11,9,11,11,11,11,9
265,963,27,341,175,13,59,21,9,9,11,9,9,9,9,9,11,9,13,9,9,9,9,11,11,9,11,9,9,13,9,11,11,9,9,9,11,9,9,9,11,9,11,9,11,11,9,9,9,9
607,37,27,23,63,161,31,11,27,9,9,9,9,9,11,11,11,9,9,11,11,9,9,11,13,9,11,9,9,9,9,11,9,11,11,11,15,11,9,11,9,9,11,9,9,9,9,13,9,9
35,39,33,145,105,59,41,9,21,13,9,9,9,9,9,9,9,11,11,9,9,11,9,11,9,11,9,11,11,9,13,11,11,9,11,11,11,11,9,11,11,11,9,9,9,11,11,9,11,11
509,59,75,131,87,83,19,9,23,11,9,11,11,9,9,9,13,11,9,11,9,9,9,9,9,9,9,9,11,11,11,11,9,9,11,11,11,11,11,13,9,9,9,11,11,11,11,9,11,9
45,579,23,23,49,117,13,9,11,9,11,9,11,9,9,11,9,9,9,13,9,9,9,11,9,11,9,11,11,9,9,13,9,11,9,9,11,9,9,11,9,9,11,9,11,11,11,9,11,11
43,301,431,27,33,21,95,11,15,11,11,9,9,9,11,11,11,9,9,9,9,11,11,9,9,13,9,11,11,11,13,11,9,11,13,9,11,11,9,11,9,11,9,9,9,9,9,9,11,11
43,309,31,37,29,19,19,37,11,9,9,9,9,9,9,9,11,9,11,9,9,11,9,9,9,9,9,11,13,13,13,11,9,11,11,9,11,9,11,11,9,9,11,11,9,9,9,11,11,9
257,55,269,11,9,193,21,25,21,13,11,9,9,9,9,9,11,9,9,9,9,9,9,11,11,9,9,9,9,11,11,11,11,9,11,9,11,11,9,11,9,9,11,9,9,13,9,9,13,9
203,197,41,59,99,27,19,13,13,11,9,9,9,9,9,11,9,9,9,11,9,9,11,11,9,11,9,9,9,11,9,9,9,11,9,13,9,11,9,9,11,9,11,9,9,9,11,9,11,9
397,263,11,161,81,9,63,23,23,9,9,9,9,9,9,9,11,9,9,9,9,13,9,9,9,9,11,13,11,11,9,9,9,9,9,11,9,9,9,11,9,9,9,9,9,9,9,9,11,9
65,51,35,27,75,31,29,27,11,11,9,9,11,9,9,9,11,9,9,15,11,9,9,9,9,9,11,9,9,11,11,9,9,9,11,11,11,9,9,9,13,11,11,11,11,9,9,9,9,11
41,173,39,99,231,13,9,11,9,11,9,11,9,9,9,9,9,9,9,9,9,15,11,9,9,9,9,9,9,9,13,11,9,9,9,9,11,13,11,13,9,11,11,9,11,9,11,9,9,11
67,85,185,65,265,23,11,9,15,9,9,9,11,9,9,11,9,15,9,9,9,9,9,11,11,9,9,11,9,11,9,9,11,9,11,11,13,9,11,9,9,9,9,9,9,25,11,11,9,11
179,15,19,151,155,117,15,13,11,9,9,9,9,9,9,9,11,9,9,9,9,9,11,11,9,9,11,11,9,11,11,9,11,9,13,9,9,9,9,11,11,11,9,11,9,11,9,11,9,9
287,59,103,49,255,15,11,21,19,9,9,9,9,9,9,9,9,9,11,9,13,9,9,11,9,9,11,11,9,9,11,13,9,9,9,9,9,9,9,11,9,9,11,9,9,9,9,11,9,9
13,349,83,255,39,9,23,17,9,11,9,9,13,9,9,11,11,11,9,9,9,9,9,11,9,9,9,11,9,9,9,11,11,9,11,9,11,9,9,9,11,11,9,11,11,9,11,9,9,9
15,115,127,99,37,35,15,43,11,21,9,9,11,9,9,9,11,9,9,9,13,11,11,11,13,13,11,9,9,9,9,11,9,9,11,9,11,9,9,9,9,9,9,9,11,11,9,11,9,9
213,83,31,185,37,61,27,17,13,9,9,9,9,9,9,11,9,9,9,9,11,9,11,9,11,9,9,9,9,9,9,13,11,9,9,9,9,11,9,15,11,9,11,9,11,11,9,9,11,9
405,13,225,97,31,53,37,11,17,13,17,9,11,9,9,9,9,9,9,9,9,11,9,11,11,9,11,11,13,13,9,9,11,11,9,9,9,9,9,9,11,9,9,9,9,9,9,9,11,11
741,9,209,89,37,13,9,59,9,11,11,11,9,11,9,9,9,9,9,9,9,11,9,9,11,9,9,11,9,13,11,9,9,9,9,11,11,11,11,9,9,9,9,9,11,9,11,11,11,9
45,39,441,143,29,51,21,19,17,9,9,9,11,9,9,11,9,9,11,9,9,9,11,9,9,11,11,11,9,9,11,13,11,9,11,11,9,9,11,9,9,11,9,9,9,9,9,9,11,11
273,145,55,27,75,23,41,9,13,11,9,9,9,9,9,9,9,11,9,9,9,11,9,11,11,9,9,9,9,11,11,11,9,11,13,11,11,11,11,11,11,9,13,9,9,9,9,9,9,9
327,11,77,395,23,29,11,21,13,11,9,9,9,9,9,9,9,9,9,9,9,9,11,9,9,9,9,13,9,9,9,13,9,9,11,11,11,11,13,9,11,11,11,11,11,11,9,11,9,9
449,21,187,99,179,181,25,9,13,9,9,9,9,9,13,11,9,9,11,9,9,9,9,11,11,11,11,9,13,9,9,11,9,11,11,11,11,11,9,9,9,11,9,11,11,11,9,9,11,9
33,403,83,67,21,15,17,33,25,9,9,9,9,9,9,11,9,11,9,9,9,9,9,9,9,9,11,11,9,11,11,9,11,9,9,9,11,9,11,9,9,9,13,11,9,11,11,11,15,9
677,63,37,119,17,99,23,65,9,9,9,9,9,9,9,9,9,13,9,11,11,13,11,9,11,9,11,11,9,9,11,9,9,11,11,11,11,9,11,11,11,9,9,9,9,9,11,9,9,11
83,167,151,91,31,17,29,9,15,9,13,9,9,9,11,11,9,9,9,9,11,9,9,11,11,11,9,11,9,11,11,9,11,9,9,11,11,11,9,11,11,11,9,9,11,9,11,11,9,11
427,501,79,23,111,93,11,9,9,11,9,9,9,9,11,9,9,9,9,9,11,9,11,9,11,9,9,9,9,11,13,9,9,13,9,9,9,11,9,11,9,11,9,9,11,11,9,13,13,11
227,23,253,33,15,21,15,17,19,11,9,9,9,9,9,9,9,9,9,9,11,9,9,13,11,9,9,9,9,9,9,9,9,13,13,9,9,9,9,9,11,9,11,11,11,9,9,9,9,9
639,703,35,193,85,47,37,9,15,9,9,9,9,9,9,9,11,9,11,11,9,9,9,9,11,9,11,9,9,9,11,11,9,11,9,9,11,9,11,11,11,9,9,9,11,9,11,11,9,9
59,233,87,119,265,147,13,9,15,9,9,9,9,11,9,9,9,11,11,9,9,9,11,11,13,11,11,9,11,11,9,13,11,9,9,9,9,11,9,9,11,11,9,11,11,11,9,9,11,9
179,45,117,47,123,25,13,87,19,9,9,9,9,11,9,11,9,9,9,9,9,13,9,9,11,9,13,9,11,11,9,9,9,11,11,9,11,9,9,11,9,13,13,11,11,11,11,9,9,9
301,147,163,21,51,55,9,17,11,11,9,9,9,9,9,11,9,11,9,9,11,9,9,9,9,9,11,9,9,9,11,9,11,9,11,9,9,9,9,11,11,9,11,9,11,11,11,11,9,11
245,63,79,17,337,27,19,21,19,9,13,9,9,11,9,9,9,9,9,9,9,9,9,9,9,11,13,9,9,9,9,13,9,11,11,9,11,11,9,11,9,11,9,11,9,9,13,11,9,9
113,69,143,129,63,21,9,15,13,9,9,9,9,9,9,9,9,11,11,11,9,9,11,9,9,9,9,9,13,9,9,9,11,9,9,11,11,11,9,9,9,9,11,9,11,9,9,11,9,11
493,39,81,131,215,17,19,61,13,9,9,9,9,9,9,9,9,9,11,9,9,9,9,9,9,9,9,9,9,9,11,9,9,9,11,9,11,11,9,9,11,11,9,11,9,9,11,11,9,9
23,67,635,23,53,33,15,63,11,11,11,9,9,9,9,11,9,9,9,9,11,11,9,9,11,9,9,11,9,11,11,11,9,11,9,11,9,11,13,9,11,9,9,11,15,9,11,9,11,9
353,463,183,59,43,35,57,121,15,11,9,11,9,9,9,9,11,9,9,9,9,9,13,9,9,9,11,9,11,9,9,11,9,9,11,9,9,13,11,11,11,13,11,9,9,9,11,9,9,11
181,315,23,21,137,37,59,13,9,9,9,9,9,9,9,9,11,9,11,9,11,9,11,9,9,11,9,9,15,9,11,13,9,9,9,9,9,11,9,11,9,11,9,9,9,9,9,11,11,9
33,17,33,37,99,9,39,47,23,9,9,9,9,9,9,9,9,9,9,9,11,11,9,9,9,9,11,11,11,11,11,9,9,9,11,11,9,11,9,11,9,11,11,11,15,9,11,9,9,11
669,745,33,109,31,33,131,19,11,9,9,9,9,9,9,9,9,11,11,11,9,9,9,9,9,9,11,9,9,11,11,11,9,9,9,9,9,9,9,9,9,11,11,11,9,11,9,9,11,11
215,157,183,49,43,19,49,53,11,11,9,9,9,9,9,9,9,13,11,11,9,9,9,9,11,9,9,9,11,9,9,9,15,9,9,13,9,9,9,9,9,11,9,11,9,9,11,11,11,9
503,129,111,13,225,91,13,41,23,13,9,9,9,9,9,11,9,11,9,9,9,9,9,11,13,9,11,11,11,9,9,9,9,11,9,9,11,9,11,9,11,9,11,9,11,11,11,9,11,11
343,245,71,171,39,33,13,13,19,9,11,13,9,9,9,9,11,9,9,11,9,11,9,9,11,9,9,9,9,11,9,11,9,11,15,9,9,9,11,9,9,11,9,11,11,9,11,11,9,11
683,253,195,157,33,23,19,27,11,9,9,11,9,9,9,9,11,9,11,9,11,9,9,9,9,9,13,11,9,13,9,11,11,9,9,9,11,11,9,11,9,9,9,11,11,9,13,9,9,11
101,113,319,27,21,15,27,11,17,13,11,9,9,9,9,9,9,11,11,9,9,11,9,9,9,9,9,11,9,9,11,11,11,9,9,9,9,11,11,9,9,13,13,11,9,13,11,11,11,9
71,97,387,97,23,17,31,19,13,9,9,9,9,9,9,9,11,9,9,9,11,9,9,13,9,9,9,9,11,9,11,9,11,11,9,11,9,9,11,11,9,9,9,9,13,11,11,11,9,11
925,67,17,33,41,9,101,33,17,11,9,9,11,9,9,9,9,9,9,9,9,9,11,9,11,9,9,9,11,11,11,9,11,9,9,9,9,9,11,9,9,9,9,13,11,11,11,11,11,9
55,55,785,51,171,33,11,13,9,11,11,9,9,9,9,9,9,9,9,11,9,9,11,9,9,9,9,9,9,9,11,9,9,9,11,11,9,9,11,11,9,9,9,11,9,9,9,9,9,11
89,67,207,267,13,49,29,13,9,17,9,9,9,9,9,9,13,9,11,9,9,9,9,11,11,15,9,11,9,11,9,9,9,11,9,9,11,9,11,9,11,13,9,11,11,9,11,11,9,9
221,95,387,41,59,71,11,9,13,11,9,9,9,9,9,9,9,11,9,11,11,9,9,11,9,9,9,11,11,11,9,9,11,9,9,11,9,9,9,13,11,11,11,9,11,9,11,11,11,9
65,63,43,29,297,43,31,11,9,13,9,9,11,9,9,9,11,9,9,9,9,11,13,9,9,11,9,11,11,9,9,9,9,15,11,11,9,11,11,9,9,9,11,9,9,9,11,11,9,11
141,263,255,189,51,9,13,11,31,13,11,9,11,9,9,9,9,11,11,11,11,9,11,11,9,9,9,11,11,11,11,11,9,9,9,9,9,9,9,9,11,11,9,9,11,9,9,11,11,9
277,357,375,71,169,131,45,21,9,9,9,9,9,9,9,11,9,9,11,9,13,9,9,9,9,11,13,9,9,9,11,11,9,9,9,9,9,11,9,11,9,11,11,9,17,9,9,9,11,9
189,185,21,177,31,27,31,13,11,11,9,11,9,9,9,9,9,9,9,9,9,9,11,9,13,9,9,11,9,9,11,11,9,11,11,9,11,9,11,9,9,11,11,9,11,9,9,11,11,9
69,77,81,11,129,31,79,27,15,11,9,9,9,11,9,9,9,9,9,9,11,9,9,11,9,13,11,9,9,11,9,9,11,13,11,9,11,9,9,13,9,9,11,9,11,9,11,9,9,11
51,453,11,59,37,69,45,9,9,9,9,9,9,11,11,9,9,9,11,11,9,9,11,13,9,11,11,9,9,11,9,9,11,9,9,9,9,11,9,11,13,9,9,11,11,13,9,9,11,9
443,27,331,79,11,33,71,9,9,9,13,9,9,9,9,9,11,9,9,15,9,9,9,11,9,9,9,9,9,11,9,11,9,9,9,11,11,13,9,11,11,9,11,11,11,9,9,9,11,11
313,297,23,19,143,29,45,25,65,15,9,11,9,9,9,9,9,9,9,9,9,13,9,9,11,9,11,11,9,9,11,11,9,11,9,9,11,9,11,9,11,11,9,9,9,11,11,11,13,9
269,879,357,23,121,13,31,11,15,9,9,9,9,9,9,9,9,11,11,9,11,9,11,9,9,9,11,9,9,9,11,9,11,11,11,11,11,15,9,9,11,17,9,9,9,9,9,11,11,11
35,623,33,139,65,77,19,9,15,9,9,11,9,9,9,9,9,9,9,11,9,9,11,11,9,9,13,9,11,9,9,9,9,11,9,11,11,11,9,9,11,11,9,11,9,9,11,9,9,9
61,201,31,109,29,27,53,11,23,9,9,9,9,9,11,11,9,9,11,9,11,9,11,11,11,11,11,9,9,15,9,9,11,9,9,13,9,11,9,11,13,11,9,11,9,9,9,13,9,11
227,59,49,363,17,183,39,19,21,9,9,9,9,9,9,9,9,9,9,11,9,9,9,13,9,9,9,11,9,11,9,13,9,11,13,9,9,9,11,11,13,11,11,9,9,11,9,9,9,11
257,15,71,775,9,41,61,9,9,9,11,9,11,9,9,9,9,9,13,9,11,9,9,11,9,13,9,9,9,9,11,9,11,9,9,11,11,15,15,11,11,9,9,19,9,9,9,13,9,9
245,19,113,37,47,83,13,27,11,9,13,9,9,9,9,9,11,9,9,11,9,9,9,11,9,9,9,11,11,11,9,11,9,11,9,9,13,11,13,11,11,9,9,13,9,11,9,11,9,11
47,79,193,37,35,21,17,15,19,15,9,9,9,9,9,9,9,11,9,9,9,9,9,9,9,11,9,9,9,11,9,9,9,11,11,9,11,9,13,9,9,15,11,9,15,11,11,9,11,9
13,47,35,51,265,9,29,23,11,13,9,11,9,9,11,9,9,9,9,9,9,11,9,9,9,9,9,11,9,9,9,9,9,11,9,9,11,9,9,9,11,11,11,9,9,11,9,9,9,9
259,87,73,35,31,85,31,27,19,9,11,9,9,9,9,9,9,11,9,11,9,9,11,11,9,11,11,11,11,9,11,13,11,11,11,9,11,13,9,9,9,11,9,11,9,9,11,9,11,9
183,15,17,65,27,13,27,17,15,15,9,9,9,9,9,9,9,9,9,9,9,9,15,9,11,9,9,9,9,9,11,11,11,9,11,9,9,9,11,11,11,9,11,9,11,9,9,9,9,11
23,335,185,21,179,385,41,17,11,9,9,9,9,9,9,9,9,9,9,9,9,9,9,9,9,9,15,11,13,11,11,9,9,9,9,11,9,9,11,11,9,9,9,9,9,11,9,15,9,9
415,117,177,91,25,31,47,9,9,13,9,9,9,9,9,11,9,9,9,9,9,9,9,11,9,11,11,9,9,9,9,11,9,9,9,13,9,11,11,9,9,9,9,9,11,13,11,9,9,11
1000,51,39,49,19,49,81,9,9,11,19,9,9,9,9,9,9,9,9,9,11,9,11,9,9,11,9,9,9,11,9,11,9,9,9,11,11,11,9,11,9,9,9,11,11,11,9,9,11,9
25,553,91,9,61,27,13,29,21,13,11,9,9,9,9,9,9,9,9,13,9,9,9,11,9,11,11,9,11,9,9,9,9,11,9,9,13,11,9,11,9,9,9,13,9,9,9,9,9,11
39,361,95,15,29,9,9,17,15,13,11,9,9,9,9,9,9,9,9,11,9,9,11,9,9,9,9,11,11,9,11,9,11,11,11,11,9,21,11,11,9,9,11,11,11,11,9,11,9,9
63,427,113,65,85,175,67,9,11,9,9,9,9,9,9,9,9,9,9,9,9,11,9,9,11,9,9,9,9,9,9,9,9,11,11,9,11,9,11,9,9,11,9,9,9,13,11,9,11,9
623,55,89,297,187,133,107,25,9,9,9,9,9,9,9,9,9,9,9,11,9,11,11,11,11,9,9,11,11,11,13,11,11,9,11,9,9,11,11,9,9,11,9,11,9,11,11,9,9,9
93,15,161,17,153,103,27,17,17,11,9,9,9,9,9,9,9,9,11,9,9,11,11,11,9,9,9,9,9,11,11,11,9,11,11,9,9,11,9,11,13,9,9,9,9,11,11,9,11,11
63,45,167,17,43,17,23,41,11,11,9,9,9,9,9,9,9,11,9,9,9,9,9,13,9,11,9,9,11,11,13,9,9,9,9,9,9,9,11,9,9,9,9,9,13,9,9,9,9,11
59,527,117,23,113,51,37,19,19,11,11,9,9,9,13,9,9,11,11,9,9,11,11,9,13,11,9,9,9,9,9,11,9,11,11,9,13,11,9,9,9,13,11,11,9,11,9,9,9,9
201,159,53,79,11,9,13,45,15,9,11,9,9,9,9,11,9,11,11,9,9,9,9,9,9,9,9,9,19,9,9,11,9,11,15,11,11,11,11,9,11,11,11,9,11,11,9,11,15,11
173,153,159,23,39,51,13,9,15,9,9,9,9,11,9,9,9,9,9,9,9,9,9,11,9,9,9,9,11,15,11,11,9,13,9,11,9,9,9,11,11,11,9,13,9,11,9,9,11,9
43,319,143,393,19,39,89,27,15,9,9,9,9,9,9,9,9,9,9,9,9,9,11,9,11,13,11,9,9,9,9,11,9,9,9,13,13,11,9,11,11,11,9,9,11,9,11,9,9,9
35,11,105,145,65,105,9,19,11,9,9,9,11,9,9,11,9,9,9,13,13,9,9,9,11,11,9,9,11,9,9,9,37,9,9,9,9,9,9,11,9,11,9,11,11,11,13,9,11,11
99,23,649,23,103,17,47,13,25,15,11,9,9,9,9,9,9,9,9,9,9,11,9,11,11,13,13,11,9,11,9,9,11,11,11,11,11,9,9,9,9,9,11,11,9,11,11,9,11,11
135,53,447,247,47,15,105,9,17,9,9,11,9,9,9,9,11,11,9,9,9,11,11,9,9,9,11,11,9,11,9,9,9,17,9,9,9,9,11,9,11,13,11,11,9,9,21,9,13,9
169,73,73,37,71,81,61,9,39,9,9,9,9,9,9,11,9,9,9,9,11,9,9,9,9,11,11,11,9,11,9,9,9,13,11,11,11,11,9,9,11,11,9,11,9,9,9,9,11,9
255,49,23,133,19,27,27,31,19,9,9,9,9,9,9,11,9,9,11,11,9,9,11,11,11,9,9,11,13,11,9,13,11,9,13,9,9,9,13,9,9,9,9,11,9,9,11,11,11,9
179,385,177,207,41,33,79,25,13,11,9,9,9,9,9,9,9,11,9,9,13,9,9,11,11,9,11,17,11,9,13,9,9,9,11,9,9,9,11,9,11,9,9,11,9,11,9,9,13,9
449,295,327,139,79,191,19,37,11,25,9,11,9,9,9,9,9,9,9,9,13,9,9,9,9,9,11,11,11,9,11,11,13,11,9,9,9,9,9,9,13,9,11,9,9,11,11,11,9,9
299,29,27,101,139,13,15,17,19,19,9,11,11,9,9,9,9,9,9,11,9,9,9,11,9,11,9,11,11,9,11,9,11,13,11,9,9,11,9,9,9,11,9,9,9,9,9,9,11,11
15,57,115,51,11,49,13,13,9,15,9,11,9,9,9,9,9,9,9,11,9,9,9,13,9,9,9,9,9,11,9,11,9,9,9,17,11,9,9,11,11,11,9,11,15,13,11,11,9,11
31,55,29,91,11,15,11,21,11,9,9,11,9,13,9,11,9,9,9,9,9,9,9,11,9,9,9,11,11,9,11,9,9,11,11,9,9,11,9,11,9,9,11,9,11,9,11,9,11,11
177,155,87,279,71,41,9,19,19,13,9,9,9,9,11,9,9,9,9,9,9,9,13,11,9,9,9,11,11,9,11,11,11,9,9,11,9,13,9,11,9,11,9,9,9,9,9,9,11,9
417,587,237,443,9,11,13,19,15,9,11,9,11,9,11,9,9,9,9,13,9,9,11,11,9,9,9,9,9,9,9,9,9,11,11,9,9,9,11,9,11,11,11,9,9,9,9,11,11,9
343,407,281,95,29,97,9,13,13,11,9,11,9,9,9,9,9,9,9,9,11,11,9,9,11,11,11,9,9,9,9,9,9,9,9,11,11,9,9,9,9,11,11,13,11,11,9,9,9,11
143,79,177,19,115,63,67,13,11,9,9,9,9,9,9,9,9,9,11,9,11,9,9,11,9,9,11,9,9,9,9,11,9,9,9,9,9,9,9,9,11,9,9,11,11,11,11,11,11,11
171,325,105,207,11,61,11,83,9,9,9,9,9,9,9,9,9,11,9,9,9,13,15,9,9,9,13,9,11,11,9,11,9,9,11,11,11,9,9,11,11,9,9,9,9,9,11,13,9,11
265,107,333,43,39,31,45,33,9,9,13,9,9,9,9,9,11,9,11,9,9,13,11,9,9,9,9,9,9,9,9,9,11,11,9,9,9,11,9,11,9,11,9,9,9,9,11,9,9,9
75,139,313,89,11,15,99,43,13,9,11,9,9,9,9,9,9,11,11,9,9,11,11,9,9,9,11,9,9,11,9,9,9,11,11,9,9,9,13,11,11,9,9,9,9,13,9,9,15,9
321,125,33,247,117,43,39,9,9,11,9,9,9,9,9,11,11,11,9,9,11,9,11,11,11,9,9,13,9,9,9,9,9,11,9,11,11,9,11,9,13,9,9,13,11,11,9,11,11,13
355,51,245,129,33,21,11,17,9,9,11,9,9,9,9,9,9,9,9,11,9,9,9,9,9,11,9,11,9,9,9,11,11,9,9,11,11,9,9,11,11,11,9,11,11,9,13,11,9,11
799,17,39,9,57,11,9,13,13,9,9,9,9,9,9,9,13,9,13,9,11,11,9,11,11,11,9,9,11,9,11,11,9,9,9,9,13,9,9,9,9,9,9,9,11,11,9,11,9,11
251,921,251,37,291,33,25,33,13,9,9,9,9,9,11,9,9,9,9,9,9,11,9,9,9,9,11,9,11,11,11,11,11,9,9,11,11,11,9,11,11,9,9,11,9,13,9,11,11,11
41,247,153,39,377,17,35,15,9,11,9,9,9,9,9,9,9,9,11,9,9,11,9,11,9,9,9,9,9,9,13,11,9,9,9,11,9,11,9,11,11,11,9,9,11,11,9,9,13,9
67,13,9,95,109,67,29,71,9,9,9,9,9,9,9,9,9,11,9,9,9,11,11,9,11,13,9,11,13,9,11,11,11,9,9,11,11,9,9,11,11,9,9,11,11,9,9,9,11,11
547,231,113,233,287,15,17,19,9,9,9,9,9,9,9,9,11,9,9,9,9,13,9,11,9,9,13,11,9,9,15,9,9,9,13,13,9,11,9,11,9,11,11,11,21,9,9,9,9,9
155,15,127,57,23,9,13,35,23,9,9,9,9,9,9,9,9,9,9,9,11,13,11,9,11,11,9,13,11,11,13,9,11,9,9,9,11,11,11,13,9,9,11,11,9,9,9,11,15,9
747,25,57,99,13,97,11,39,25,17,11,9,9,9,9,9,9,9,9,11,9,9,13,9,11,11,13,11,9,9,9,9,9,9,9,9,9,9,9,9,13,9,9,11,11,9,11,9,11,9
51,519,107,183,337,27,27,51,13,9,9,9,9,9,9,9,11,9,9,11,11,11,9,11,9,9,11,11,11,13,9,9,9,11,9,9,11,11,9,9,11,11,9,9,11,9,9,9,9,11
73,289,31,43,91,25,31,17,9,9,9,9,11,9,9,11,13,9,9,9,9,11,11,11,9,11,9,9,13,9,9,9,11,9,11,9,11,11,11,9,15,9,9,11,9,9,11,11,9,11
75,223,151,25,11,21,65,27,15,13,15,9,9,9,13,9,9,9,9,11,9,11,9,11,9,9,13,15,11,11,11,9,9,11,9,9,13,9,9,11,11,11,11,9,9,9,13,11,9,9
281,47,71,193,145,49,25,21,29,9,11,9,13,9,9,9,9,11,9,9,9,9,9,9,13,9,11,11,9,13,11,9,9,9,9,11,11,11,9,11,9,9,9,9,11,9,9,9,13,13
69,391,23,13,13,27,25,13,11,11,11,9,9,9,9,9,9,9,11,9,9,9,11,11,9,11,11,11,11,9,9,9,9,11,11,11,9,9,9,9,11,11,9,9,9,9,11,9,11,9
807,293,73,15,27,37,39,11,9,13,9,9,9,9,9,9,9,9,9,9,11,9,9,9,9,9,9,11,15,9,9,9,9,11,11,9,9,11,9,9,9,9,9,11,9,11,11,11,9,13
423,367,281,47,361,21,87,21,9,11,19,11,9,11,9,9,11,9,9,9,9,9,11,9,11,9,11,11,11,11,9,9,11,11,9,9,11,11,9,9,11,11,9,9,11,9,11,9,9,11
39,69,155,33,133,9,27,29,11,23,11,9,9,9,9,9,9,9,11,9,9,9,11,9,9,11,11,11,11,15,9,9,11,11,9,9,9,9,9,11,9,11,11,9,9,9,9,9,11,17
195,101,189,77,77,31,21,11,11,9,11,11,9,9,11,9,11,9,9,11,9,9,11,9,11,9,9,13,9,9,9,15,13,9,9,9,11,11,11,11,9,9,11,9,9,11,15,13,11,9
197,207,155,65,9,13,45,15,13,9,9,9,11,9,9,9,9,9,9,9,9,9,9,11,9,9,9,9,9,11,9,9,15,13,9,15,9,23,9,11,11,9,9,11,9,9,11,9,9,9
161,63,59,61,137,9,37,13,11,11,9,9,9,9,9,9,9,9,9,11,11,11,9,9,9,11,11,13,9,9,9,9,11,9,13,13,9,9,13,9,11,11,9,11,9,11,13,9,11,11
293,151,235,63,11,21,9,15,13,13,11,9,11,9,9,9,11,9,11,11,11,9,9,9,9,13,9,11,9,11,9,9,11,9,11,11,11,11,11,11,9,9,9,9,11,9,11,9,9,9
197,737,21,73,171,9,57,27,9,11,9,9,9,9,9,9,11,9,9,9,9,9,9,13,9,13,13,11,11,11,9,11,11,11,11,9,11,9,9,9,9,9,9,11,11,11,15,11,9,11
185,15,105,15,99,23,63,9,11,9,9,9,9,11,9,9,9,13,9,11,9,11,11,9,9,9,11,11,9,9,11,11,9,11,9,9,9,9,9,9,11,13,11,9,9,9,9,11,9,13
421,299,219,247,13,129,143,19,13,11,9,9,9,9,9,11,9,9,13,9,9,11,9,9,11,9,9,11,9,9,9,9,9,11,9,11,11,9,9,9,9,13,11,9,9,11,9,11,9,11
71,173,83,575,33,275,113,9,11,9,11,9,9,9,9,9,11,9,9,9,9,9,9,11,9,9,9,9,9,9,9,11,9,11,9,11,9,9,11,11,9,13,11,9,11,9,11,9,9,11
547,115,33,387,33,63,47,39,19,9,9,9,9,9,9,9,11,11,9,9,9,9,9,9,9,13,9,9,9,11,9,9,9,9,9,11,11,9,11,11,9,9,9,11,9,11,11,9,11,9
767,131,125,147,207,63,11,9,17,11,9,9,9,9,9,9,9,13,9,11,9,9,9,9,9,9,11,9,11,11,11,9,11,9,11,9,17,9,11,9,9,9,9,21,11,11,9,11,9,11
357,239,181,365,45,87,21,39,9,9,9,11,9,9,9,11,9,9,9,9,9,9,11,11,11,9,9,9,9,9,9,11,11,13,11,9,11,13,11,9,9,9,9,9,9,11,9,9,9,9
587,29,31,341,65,37,45,13,11,9,9,9,9,9,9,11,9,9,11,9,11,11,9,11,11,9,9,13,9,11,11,11,11,11,11,11,9,11,11,11,11,11,11,9,9,11,9,9,9,11
343,131,91,153,9,11,29,31,9,13,9,11,9,9,9,9,9,9,11,9,9,9,9,9,11,9,9,9,11,9,13,9,9,11,9,11,11,11,9,11,11,9,11,9,11,11,13,11,11,11
107,45,21,235,37,51,9,33,9,9,9,9,9,9,9,9,9,9,9,9,9,9,11,9,9,11,11,9,9,9,9,11,9,9,9,11,11,9,9,9,9,13,9,9,9,9,11,9,9,9
999,145,85,261,19,127,29,43,23,17,9,9,9,9,9,9,11,11,9,11,11,9,11,11,17,11,9,9,11,9,9,11,11,11,9,17,11,9,9,11,9,9,9,11,9,11,9,9,9,9
173,217,69,207,99,15,63,9,19,9,11,9,9,9,9,9,9,11,11,11,9,9,11,9,9,9,11,9,9,9,11,9,11,9,11,11,11,11,9,9,9,9,11,9,9,9,11,13,9,9
63,165,197,43,75,77,91,17,11,15,13,9,9,9,9,9,11,9,9,11,9,9,9,9,11,9,11,9,11,11,9,11,9,11,9,9,9,13,11,9,9,9,9,15,9,11,9,11,11,9
225,527,303,187,83,89,11,69,9,11,15,9,9,9,11,9,9,11,9,9,11,9,11,9,17,11,11,9,9,9,9,11,9,9,9,9,11,9,11,9,9,9,11,9,9,11,11,11,11,9
263,221,137,131,27,83,89,37,9,13,9,9,11,9,9,9,9,11,9,11,9,9,13,9,9,9,9,9,11,9,9,11,9,11,11,11,9,11,9,11,11,9,13,9,9,9,9,11,13,11
67,29,133,197,93,109,9,15,9,13,11,13,9,11,9,9,11,9,9,11,9,11,9,9,11,9,11,11,11,9,11,11,9,9,11,11,11,11,9,11,9,11,11,11,11,11,11,9,11,11
167,23,599,61,25,25,11,15,15,11,9,9,11,9,9,9,9,9,9,9,11,9,11,9,9,11,9,11,9,9,11,11,11,9,9,9,11,11,9,9,9,9,9,9,9,11,9,9,9,9
165,59,19,159,77,15,157,9,17,9,11,9,9,9,9,9,9,9,9,11,11,11,9,13,9,9,9,9,9,11,11,11,9,9,9,11,9,11,9,9,11,9,11,13,9,11,9,9,9,9
27,27,275,179,43,31,11,13,11,13,9,9,9,11,9,9,9,9,11,9,11,9,9,11,9,9,9,9,11,11,9,9,9,9,9,11,13,9,11,9,9,11,9,11,9,9,11,11,9,9
135,39,483,377,13,59,45,11,11,15,9,9,9,9,9,9,9,9,9,9,11,9,9,9,9,9,9,9,9,9,9,11,11,11,9,9,9,11,9,9,11,11,11,9,9,9,11,9,9,9
307,49,19,177,201,9,25,9,23,15,9,9,9,9,9,9,9,9,11,11,9,9,11,9,13,9,11,11,11,9,9,9,11,9,9,9,11,11,11,9,9,9,9,9,11,11,13,11,11,11
11,337,99,23,61,37,45,19,33,9,11,11,9,9,9,9,9,11,11,9,9,11,13,9,9,9,9,9,9,9,9,11,11,9,9,9,11,9,13,9,11,9,13,9,9,9,11,9,9,11
53,109,43,259,59,9,9,39,13,15,9,9,9,9,11,9,9,9,9,9,9,9,11,11,9,9,9,11,9,9,11,9,11,9,9,9,11,17,13,9,11,9,9,9,9,9,9,11,11,9
49,307,47,19,111,249,35,17,9,9,9,9,9,9,9,9,9,9,9,11,9,9,11,13,9,9,9,9,9,9,11,9,11,11,9,9,9,11,11,9,9,9,9,9,11,9,9,9,11,11
345,165,59,17,27,93,9,19,11,11,11,9,9,9,13,9,9,9,9,9,9,13,9,9,9,9,9,9,13,9,11,9,9,9,9,11,13,9,11,9,11,9,9,9,11,9,11,13,11,11
293,181,75,143,117,177,25,13,9,9,9,9,9,9,9,11,9,9,9,9,9,9,9,11,9,9,11,9,9,9,9,9,9,11,9,9,9,11,11,9,9,9,11,11,11,11,9,9,11,11
321,197,17,77,127,33,17,13,17,9,9,9,9,11,11,9,9,9,11,9,9,9,9,11,13,9,11,9,9,9,9,17,11,9,9,9,11,9,13,9,9,9,11,9,9,13,9,9,13,9
269,267,103,21,131,11,25,9,11,9,9,9,9,9,9,9,9,9,9,9,11,9,9,15,15,9,9,9,9,11,9,9,9,9,9,9,9,9,9,19,9,11,11,9,9,11,9,11,9,11
119,85,17,151,19,15,71,13,31,9,9,15,9,9,9,9,9,11,9,11,11,11,9,9,11,9,9,11,9,11,9,11,11,11,9,9,11,9,9,9,9,9,11,9,11,11,9,11,9,9
95,93,87,171,21,29,101,33,19,11,9,9,9,9,9,9,9,11,9,9,11,11,9,9,9,11,11,13,11,11,9,9,9,9,11,9,9,9,9,11,11,11,9,17,9,11,11,9,9,9
133,25,33,163,427,9,15,11,13,11,9,9,9,9,11,9,11,9,13,9,11,9,11,11,9,11,11,11,9,9,13,9,9,9,11,11,11,11,11,9,11,9,9,13,9,9,11,13,11,11
23,381,37,29,265,41,13,35,29,15,9,9,9,9,9,11,9,9,11,11,13,9,9,9,9,9,13,11,9,9,13,9,11,9,11,11,9,9,9,9,9,11,11,9,11,9,9,9,11,11
221,37,105,9,19,65,13,23,9,9,9,9,9,9,9,9,9,9,11,9,11,9,9,9,9,9,13,13,11,11,9,15,9,9,9,9,9,11,9,9,9,9,11,11,11,9,13,9,9,11
335,23,11,269,97,41,21,21,23,11,11,11,11,11,9,9,11,11,9,9,9,11,9,9,9,11,9,11,9,11,11,11,11,11,11,11,11,9,11,9,11,11,11,11,9,11,9,9,11,9
139,101,155,197,37,27,41,71,9,11,9,9,9,11,9,9,9,11,9,11,11,9,11,9,9,9,9,9,9,9,9,11,9,11,9,9,9,11,13,11,9,9,11,9,11,11,9,11,9,11
173,245,57,107,169,9,21,45,15,9,13,9,9,9,9,9,9,9,11,9,11,11,13,11,17,11,11,9,9,9,11,9,11,9,11,11,11,11,9,11,9,11,11,11,9,11,11,9,11,11
67,167,245,129,103,9,97,29,9,9,13,9,9,9,9,9,9,9,9,13,9,9,11,11,9,9,9,9,11,11,9,13,11,9,9,11,9,9,11,9,9,9,9,11,11,9,23,9,9,11
349,23,109,89,9,15,33,27,9,11,9,9,9,9,11,9,9,13,11,9,9,11,9,9,11,13,9,9,9,11,9,11,9,9,9,11,13,9,11,11,9,11,11,11,15,9,9,11,9,9
143,125,27,21,9,45,19,13,15,9,11,9,9,11,9,9,9,9,9,9,9,9,11,9,13,13,9,11,9,9,9,9,9,9,9,13,9,11,11,9,9,13,9,11,11,11,9,11,11,9
559,335,31,13,349,9,43,37,27,9,9,11,9,9,9,9,9,11,9,9,9,9,11,9,9,9,9,11,9,9,11,9,11,11,9,11,11,9,11,9,9,11,9,11,11,9,9,11,11,9
289,63,21,49,45,65,29,9,9,9,9,9,9,9,9,9,9,11,9,9,11,9,9,9,11,11,9,11,11,9,11,11,11,9,11,11,9,9,11,9,11,11,9,11,9,9,11,11,11,11
225,501,37,177,39,15,57,13,11,9,11,9,9,9,9,11,11,9,9,9,11,9,11,9,9,9,9,11,11,11,11,9,11,11,9,11,11,9,9,9,9,11,11,11,9,11,9,9,9,13
13,127,21,287,19,13,41,15,19,9,9,9,9,9,9,9,13,9,9,9,9,9,9,11,9,11,9,11,9,11,11,9,11,11,11,9,9,13,11,9,9,11,11,11,9,9,9,11,9,11
407,193,19,127,33,25,29,9,13,13,9,9,9,9,9,9,9,11,9,11,9,11,9,11,9,11,9,9,11,9,9,9,11,11,11,13,9,11,9,11,9,11,9,9,11,9,9,11,9,11
57,119,63,151,9,31,9,15,9,11,9,9,11,9,9,9,9,9,9,11,9,11,11,11,11,9,11,11,9,9,11,11,9,9,11,11,9,9,11,11,11,11,9,11,9,9,9,9,9,11
19,39,29,117,159,47,19,19,13,9,13,9,9,9,9,9,9,11,9,11,9,13,9,9,11,9,11,9,17,9,9,9,17,9,11,11,9,11,9,11,11,11,9,11,9,9,11,9,11,11
119,457,127,47,423,33,109,79,11,9,9,9,9,9,11,9,9,9,11,11,9,9,9,9,9,9,11,9,11,9,9,9,9,9,11,11,13,11,11,9,9,11,9,9,11,9,11,9,11,9
145,47,113,65,43,13,27,11,11,9,9,9,9,11,9,9,9,11,9,9,11,9,11,9,9,9,9,9,11,9,9,9,13,11,11,9,11,11,11,11,9,11,9,9,9,9,11,13,9,9
159,21,73,21,53,41,41,101,11,9,9,9,9,9,9,9,9,9,9,9,11,11,11,11,9,9,11,9,11,9,9,11,9,11,9,9,9,17,9,13,9,11,11,9,13,11,9,9,9,9
929,313,39,11,65,17,27,17,11,9,11,9,9,9,9,11,9,9,11,9,11,9,9,11,9,9,11,9,9,9,9,9,9,9,11,9,13,11,9,9,9,21,13,9,11,9,11,9,11,11
95,61,17,229,9,177,33,19,13,11,9,9,9,11,9,11,9,9,9,9,9,11,11,11,9,11,11,13,9,9,9,9,11,9,11,11,11,9,11,9,9,9,9,9,9,11,9,9,11,9
161,159,25,25,307,9,83,25,33,9,9,9,9,9,9,9,9,13,9,9,9,11,11,11,9,11,9,9,9,9,9,9,9,11,13,13,11,9,9,13,9,11,9,9,11,9,11,9,13,11
55,143,73,137,19,61,57,35,11,9,13,9,9,9,13,9,9,9,9,13,11,9,9,9,9,9,9,9,9,9,9,11,9,11,11,11,9,11,9,11,13,13,9,15,9,9,9,9,9,11
183,249,141,15,79,13,23,71,11,9,9,11,9,9,9,9,11,9,9,9,9,11,9,9,9,9,9,9,9,9,9,9,9,11,9,13,11,9,11,11,9,11,11,9,9,13,9,9,15,11
307,147,331,53,17,11,39,11,11,13,9,9,9,9,9,9,9,9,13,9,11,11,9,9,9,9,9,9,9,9,11,9,9,13,9,9,9,11,9,11,9,11,9,11,9,11,11,9,9,9
397,1000,111,9,45,33,15,15,9,17,11,9,9,9,11,9,11,11,9,11,9,9,11,9,9,11,13,9,11,9,13,11,11,9,9,11,11,9,11,9,11,11,11,9,9,9,9,11,9,11
1000,23,153,211,21,17,27,29,23,9,9,9,9,9,9,9,9,11,11,9,11,9,9,15,11,9,9,13,11,9,9,9,9,11,9,9,11,11,11,11,9,9,9,9,9,11,9,11,9,11
187,21,129,43,69,45,37,11,17,13,11,9,9,9,9,9,9,9,9,9,9,9,9,11,11,9,11,9,11,11,13,9,11,9,9,11,11,9,9,9,11,13,9,13,11,9,9,11,9,11
269,21,51,229,77,47,17,9,9,9,11,9,9,9,9,9,9,9,9,9,9,9,11,9,11,11,9,9,9,9,9,11,9,9,11,9,9,9,9,9,9,11,11,13,11,9,11,11,11,11
513,27,31,23,55,43,9,19,9,9,11,9,9,9,11,9,9,9,9,11,9,11,9,11,9,9,9,11,11,9,11,9,11,11,9,9,11,9,11,9,9,9,9,9,9,11,9,11,11,11
149,59,43,131,41,33,9,23,13,9,9,11,9,9,9,11,13,9,9,11,11,9,9,9,11,9,11,9,11,9,9,9,11,9,11,11,11,11,9,9,17,13,13,9,9,9,11,9,11,9
21,143,195,121,193,95,47,15,9,13,9,9,9,13,9,9,9,11,9,9,11,9,9,13,9,9,9,9,9,13,9,11,11,9,9,11,11,11,9,9,11,9,9,11,15,9,9,9,11,11
137,419,17,19,23,183,99,31,9,11,11,9,9,9,9,11,11,9,9,9,9,11,9,9,9,9,11,11,9,9,9,9,17,11,11,11,9,11,9,11,11,9,9,11,11,9,9,9,9,9
837,813,167,77,49,171,31,9,19,9,9,9,9,9,11,9,11,9,9,11,9,9,9,9,9,9,11,11,9,9,13,13,9,11,11,11,11,9,9,11,9,9,9,11,11,11,9,11,11,11
35,25,119,25,27,13,13,13,17,9,9,9,9,9,9,9,9,9,11,9,9,11,9,13,11,9,13,9,9,13,11,11,13,9,9,9,11,9,9,9,11,9,9,11,9,9,9,11,11,11
197,29,281,21,27,11,69,31,13,11,9,9,9,11,9,9,9,11,9,9,9,11,11,11,11,11,11,13,9,9,11,9,9,11,11,9,11,11,9,11,11,9,9,11,9,9,11,9,9,11
39,701,19,27,21,15,11,25,19,9,9,9,9,9,9,9,9,9,9,9,11,11,9,11,9,11,11,11,9,9,9,9,9,9,9,9,11,15,9,9,11,13,11,9,9,11,9,11,11,9
383,317,49,49,31,47,11,15,11,9,9,9,9,11,9,9,9,11,9,11,9,11,9,9,9,9,9,9,9,11,11,11,11,9,9,9,9,11,9,11,9,11,11,9,9,9,11,9,11,9
321,41,289,39,27,17,9,9,37,9,9,9,9,9,9,9,9,11,9,9,9,9,9,9,19,9,11,15,9,9,9,11,9,11,9,9,11,9,9,11,11,9,11,9,11,9,9,9,11,9
457,79,37,69,105,223,117,19,29,9,9,9,9,9,9,9,9,9,11,9,9,11,9,9,9,9,11,9,11,13,11,9,9,9,11,13,9,11,11,11,9,9,11,9,11,9,9,9,11,9
267,461,69,27,15,25,101,9,25,9,9,9,9,9,9,9,9,11,9,9,11,11,11,9,9,11,9,9,9,9,11,9,9,9,11,9,9,9,9,9,9,11,11,11,11,9,9,19,11,11
35,313,149,57,9,51,35,51,13,9,11,9,9,9,9,9,9,11,9,9,13,11,9,9,9,11,11,9,9,9,13,9,9,11,11,13,9,13,13,11,11,11,9,9,11,13,11,9,11,9
295,305,279,143,53,13,61,39,11,9,9,9,11,9,9,9,9,9,9,11,9,9,11,9,9,11,11,9,9,11,9,9,11,9,11,11,9,9,9,9,11,9,9,9,9,11,11,11,9,11
521,9,129,83,67,11,29,31,9,9,9,9,11,11,9,9,9,13,13,9,9,9,9,9,9,11,11,9,9,9,9,9,9,9,11,9,9,11,11,11,9,9,9,9,11,9,9,11,9,9
769,307,73,129,41,41,27,53,9,13,9,9,9,9,9,9,9,9,11,9,13,9,9,9,9,9,9,9,9,9,9,9,9,13,9,11,11,9,9,11,9,13,9,11,11,9,9,11,11,9
11,17,227,133,15,81,13,49,27,11,9,11,9,9,9,9,9,9,9,9,9,9,9,9,11,11,11,11,15,11,9,9,9,13,9,9,9,11,9,11,9,9,9,9,9,11,9,11,11,11
105,219,299,17,107,41,23,41,9,9,9,9,9,9,11,9,11,9,9,9,11,13,9,9,9,9,9,11,11,9,13,9,9,11,11,11,11,9,11,9,9,11,9,9,9,13,9,11,13,11
195,103,383,79,31,85,17,11,17,9,9,13,9,11,9,13,9,9,11,9,11,9,11,9,11,9,9,9,11,11,11,15,9,9,11,11,9,9,9,11,9,11,9,9,9,9,9,11,11,11
195,267,319,37,79,119,23,19,27,9,9,9,9,9,9,9,11,9,9,9,9,9,9,9,11,11,9,11,9,13,11,11,11,15,11,9,9,9,11,9,9,9,11,9,11,9,11,9,11,11
41,163,35,55,71,89,59,13,9,9,9,9,11,9,11,9,11,11,9,9,9,9,11,13,9,9,11,11,9,9,9,15,9,9,11,11,13,11,9,9,9,9,9,9,9,9,11,9,13,11
25,271,271,21,27,27,51,19,17,9,9,9,9,9,11,9,9,9,11,11,9,9,11,11,9,9,9,9,11,11,11,9,9,11,11,11,9,9,11,9,9,11,11,9,11,11,9,9,11,9
77,67,109,121,95,17,47,19,11,15,11,9,9,9,9,9,11,9,9,9,9,9,11,9,15,9,15,9,9,9,9,9,9,11,13,11,11,9,9,9,9,9,11,11,9,9,11,9,9,9
759,113,27,13,53,41,35,9,13,9,11,9,9,9,9,9,9,9,9,11,9,11,11,11,9,11,13,9,9,9,11,9,11,9,9,9,9,11,9,11,9,11,13,11,11,11,9,9,9,9
297,425,25,153,137,19,17,11,15,15,9,9,9,9,9,9,9,9,9,9,9,11,15,11,11,11,11,9,9,11,11,11,9,9,9,9,9,9,9,11,9,11,11,11,11,11,9,11,11,11
61,23,233,15,19,65,11,23,13,9,11,9,9,11,9,9,9,9,9,9,9,9,9,11,9,9,9,11,11,9,11,11,11,11,19,11,9,9,9,9,11,11,11,9,11,11,11,11,13,9
493,135,69,61,85,19,15,21,9,9,9,9,9,9,9,9,9,11,11,11,9,9,11,11,9,9,13,11,13,9,11,11,11,9,9,11,17,13,11,11,9,9,9,11,11,11,9,11,9,11
177,23,441,285,113,179,63,59,15,9,9,9,9,9,9,11,9,19,9,9,9,9,11,11,9,9,9,13,13,11,9,9,9,9,11,11,11,9,11,11,9,11,11,9,9,11,11,9,11,9
285,25,57,11,141,11,33,21,9,9,9,9,9,9,9,9,13,11,9,9,11,11,11,13,11,11,13,9,11,9,11,11,11,11,9,9,11,9,9,9,9,9,9,11,9,11,9,11,9,17
813,347,15,119,59,75,13,29,23,9,13,9,9,9,9,11,11,9,9,9,9,17,9,11,11,11,9,11,9,9,11,9,13,9,9,9,11,9,9,9,9,11,11,11,11,9,9,11,11,9
261,131,71,13,19,207,19,9,9,9,11,9,9,9,9,9,9,9,15,11,11,11,11,9,13,11,9,11,9,9,9,11,9,11,9,9,11,9,11,11,9,11,11,11,11,9,11,11,9,11
39,117,479,247,447,25,55,51,9,9,11,9,9,11,9,9,9,9,9,9,11,9,11,9,9,11,19,9,9,11,9,9,9,9,9,9,11,11,13,11,11,9,9,9,9,11,11,11,11,9
75,87,311,353,81,47,17,15,19,9,9,9,9,9,9,11,9,9,9,9,9,9,11,11,9,11,9,11,9,9,11,21,9,9,11,9,9,11,9,9,13,9,9,11,9,9,9,9,9,9
41,653,33,149,285,47,29,11,13,11,11,9,9,9,9,9,9,9,11,9,11,11,11,11,11,9,11,9,9,11,13,11,9,11,9,9,9,11,9,9,11,11,9,13,9,9,11,11,11,11
485,113,271,55,69,17,33,27,11,9,9,9,9,9,9,9,9,9,11,9,9,9,11,9,9,11,11,13,11,13,9,9,13,9,9,11,11,11,11,9,11,11,11,11,11,9,11,13,13,9
69,533,73,13,91,17,17,51,23,11,9,9,9,9,9,9,9,9,9,9,9,11,11,9,11,9,13,9,9,9,9,9,11,11,9,9,9,13,9,9,9,9,11,11,11,9,13,9,9,13
89,53,69,81,79,47,13,99,11,9,9,9,9,9,9,9,9,11,11,9,11,9,9,9,11,9,9,9,9,9,11,11,11,9,9,9,9,11,9,11,9,9,9,9,11,9,9,9,9,9
641,319,51,37,43,103,41,13,19,11,11,9,9,9,9,9,9,9,9,13,9,13,11,9,9,9,9,9,11,9,11,15,9,9,11,9,11,11,9,9,9,11,9,9,11,11,9,9,9,9
853,21,43,45,73,89,31,9,15,9,11,9,9,9,9,9,9,11,9,9,9,11,11,9,13,11,9,9,9,11,9,11,11,11,9,9,9,11,9,9,9,9,11,11,11,9,9,11,9,13
255,189,171,109,11,17,35,11,11,11,9,9,9,9,11,11,9,9,11,9,13,9,9,9,11,13,11,9,9,11,11,9,11,11,9,13,11,9,9,11,9,11,11,9,11,9,9,9,9,9
53,73,67,19,37,11,105,9,9,9,9,9,9,9,9,9,9,9,9,9,9,9,11,9,9,9,9,9,9,9,9,11,9,11,13,11,11,9,11,9,9,11,11,11,13,9,11,9,11,9
23,125,125,19,75,27,95,21,33,9,9,9,9,9,9,9,9,9,9,9,9,9,13,9,9,11,11,11,9,9,11,11,15,9,11,11,9,13,9,9,11,11,9,9,11,11,9,9,9,9
25,699,11,19,13,37,9,43,9,13,9,11,11,9,9,9,11,11,9,13,11,9,9,9,9,11,9,9,11,15,9,9,9,9,9,9,11,9,9,11,9,11,9,11,9,9,11,11,9,9
333,103,123,41,103,137,169,15,15,9,11,9,9,11,9,9,9,13,9,9,9,11,9,9,9,9,9,9,9,11,9,11,11,9,11,11,13,11,9,9,11,11,9,11,9,9,9,9,13,11
55,35,23,101,11,65,9,19,23,9,9,9,9,9,9,9,9,9,9,9,13,9,9,9,9,9,11,9,9,9,13,11,11,9,9,9,11,11,11,9,9,9,11,9,13,9,11,9,9,11
301,133,153,159,17,9,55,33,11,11,9,9,9,9,9,9,11,9,9,9,9,9,11,11,11,9,9,9,9,9,11,11,11,9,9,9,9,11,11,11,9,11,9,11,11,13,13,9,11,11
213,127,73,39,17,17,65,9,9,9,9,11,9,9,9,11,9,9,9,9,9,11,11,9,11,9,9,11,9,9,9,11,9,9,11,11,9,11,11,9,11,9,9,9,9,9,11,11,11,11
143,91,85,19,249,51,49,13,13,9,9,9,9,11,9,9,9,9,9,9,9,9,9,9,9,13,9,9,9,11,9,9,9,11,9,13,11,11,13,9,9,9,9,11,11,11,11,9,11,9
59,363,83,23,13,71,81,17,11,9,9,9,9,9,9,9,11,11,11,9,9,9,11,11,9,11,11,11,9,11,9,11,11,9,11,11,11,11,11,9,11,9,9,9,9,9,11,11,9,9
345,21,21,165,223,81,9,73,9,9,9,9,9,11,9,9,9,9,9,9,9,11,13,9,11,11,11,11,9,11,9,9,9,11,9,11,9,9,9,9,9,9,9,9,13,9,9,11,9,9
