879,87,57,73,19,55,9,9,25,13,9,9,9,9,9,9,9,9,13,9,9,9,13,11,11,9,9,13,11,9,11,9,11,11,11,9,9,11,11,9,9,11,11,11,9,9,9,11,11,9
75,151,59,21,123,53,13,45,11,9,9,11,9,9,9,9,9,9,13,9,9,11,9,11,11,11,11,11,11,9,9,9,9,11,11,11,9,9,9,11,9,9,9,9,9,11,11,15,9,9
347,359,85,51,23,53,35,21,9,23,13,9,9,11,9,9,9,11,9,9,9,9,9,9,9,9,9,11,9,11,9,11,9,13,11,11,9,9,13,9,11,9,9,9,9,9,9,9,11,15
97,121,49,31,59,15,45,23,13,9,11,9,9,11,9,9,9,13,13,9,9,11,11,11,11,9,9,9,9,9,11,9,13,11,9,11,11,9,11,11,11,9,9,9,9,11,11,11,9,9
253,215,159,25,27,59,31,9,21,9,9,9,9,9,9,9,9,9,9,9,9,11,9,9,9,9,9,11,11,13,11,9,13,11,11,9,11,23,9,11,9,11,9,11,9,11,9,9,9,11
41,257,49,215,51,33,65,39,13,9,9,9,9,9,11,9,9,11,9,11,9,11,13,11,9,9,11,9,9,11,9,9,11,9,11,11,11,9,9,9,9,11,11,11,9,9,11,9,9,11
291,101,47,257,161,13,9,53,15,9,9,9,9,9,9,11,9,9,11,9,9,11,11,9,9,9,11,9,9,9,9,9,11,9,11,9,9,9,9,9,11,11,9,9,11,9,9,11,9,9
95,71,95,199,273,11,33,15,11,11,9,9,9,9,9,9,11,11,9,9,9,9,9,9,9,11,11,11,11,11,9,9,13,9,9,11,9,9,9,11,9,9,9,9,9,11,13,11,9,11
213,121,31,15,13,33,11,13,31,11,9,9,9,9,9,9,15,9,11,15,9,11,11,9,9,9,9,11,11,11,9,11,9,13,9,11,9,13,9,9,9,9,9,11,9,11,9,11,11,9
351,53,245,89,11,97,13,13,19,9,13,9,9,9,9,9,9,11,9,9,9,9,9,11,9,9,11,9,9,9,11,13,11,11,9,11,9,13,11,9,9,9,11,11,11,11,13,11,9,11
19,49,17,27,13,57,97,15,9,9,9,9,9,9,9,9,9,11,9,9,9,9,9,11,9,9,9,11,9,11,9,9,13,11,9,13,9,9,11,11,9,9,9,9,9,11,9,11,9,11
1000,15,105,65,63,197,9,19,13,9,9,9,9,11,9,9,9,9,9,9,11,9,9,11,9,9,9,9,13,11,9,9,9,11,9,9,9,9,9,9,9,9,9,11,9,9,9,9,11,11
117,281,427,37,105,171,13,11,19,11,9,9,9,9,9,9,9,9,11,9,13,11,9,9,9,13,11,11,9,11,15,9,11,9,9,9,9,9,9,13,9,11,11,9,11,11,9,11,9,11
1000,235,43,41,209,39,39,19,23,11,11,9,9,9,13,9,9,11,9,11,9,11,9,9,9,9,9,9,9,11,9,11,9,9,9,9,9,9,9,9,11,9,9,11,9,11,9,11,9,9
359,33,343,371,39,11,53,11,17,13,9,9,9,9,9,9,9,9,9,11,11,9,11,11,13,11,11,9,9,9,11,13,9,9,11,11,9,11,9,9,9,11,9,9,19,11,11,9,11,11
105,35,121,61,193,53,13,23,9,9,17,9,9,9,9,9,9,9,11,11,9,11,9,11,9,9,11,9,11,11,9,9,9,17,9,9,11,9,11,9,11,11,9,11,11,9,9,9,9,9
9,281,15,71,39,15,39,15,13,9,9,9,9,9,11,11,11,11,9,9,9,9,13,9,11,9,9,9,9,11,9,11,11,9,11,9,9,9,9,11,9,9,11,11,11,9,9,11,9,11
131,513,93,15,13,25,15,25,11,13,9,11,9,9,9,9,9,9,9,9,9,11,9,11,9,9,9,9,9,11,13,15,11,9,11,11,11,9,11,9,9,11,9,11,9,11,9,9,9,9
81,43,303,15,25,69,73,27,13,9,9,9,9,9,9,9,9,9,9,9,11,11,15,9,11,9,9,11,11,11,9,11,11,9,9,11,9,11,9,9,9,13,9,9,11,11,11,11,11,11
39,209,65,127,111,51,37,9,11,11,9,9,11,9,9,9,9,11,9,9,9,11,9,11,9,11,9,9,11,11,11,9,11,11,11,9,11,11,9,11,9,9,13,9,9,9,9,11,9,9
259,115,265,331,137,65,11,13,13,11,11,9,9,9,9,11,9,11,9,9,9,11,9,11,9,11,11,11,9,9,11,9,9,11,9,11,9,9,13,9,11,9,9,9,9,9,9,9,9,13
93,27,89,39,25,11,35,43,9,9,11,9,9,9,9,9,11,9,9,9,9,9,9,9,9,9,11,9,13,9,9,9,9,11,11,11,9,11,9,11,9,11,9,11,11,9,11,9,11,11
73,95,375,15,121,125,39,51,9,9,9,9,9,11,9,9,11,9,9,9,11,11,9,9,9,9,9,11,9,11,9,9,9,9,11,11,9,9,9,9,9,11,9,11,9,9,9,9,9,9
43,909,271,21,45,13,17,9,9,9,9,11,9,9,9,9,9,11,9,9,9,9,11,9,11,13,11,11,11,9,11,11,9,11,9,9,9,11,9,11,9,9,11,11,9,13,11,9,9,11
183,311,131,21,39,27,23,49,13,9,9,11,9,9,9,9,9,11,9,9,9,13,11,9,11,9,9,9,9,9,13,9,11,11,11,11,11,11,9,13,11,9,11,11,11,9,15,11,13,9
139,15,55,127,29,151,53,13,11,11,9,9,9,9,9,9,9,11,9,9,9,9,9,9,11,9,11,9,9,9,9,11,13,9,11,11,9,11,9,11,11,11,9,9,13,9,11,11,13,9
345,55,155,51,73,53,35,29,11,9,9,9,9,9,9,11,9,9,11,9,11,9,13,15,11,11,9,9,11,11,13,9,11,13,9,9,13,9,9,9,9,9,11,11,9,11,9,9,9,9
311,33,103,15,9,33,13,9,9,9,9,9,9,9,9,9,9,9,9,9,11,9,9,9,11,11,9,9,11,11,9,9,11,9,9,9,9,9,13,11,9,11,11,9,11,9,11,9,9,9
35,59,27,317,37,15,11,13,13,11,11,9,9,9,9,9,9,11,9,11,9,11,11,9,11,9,9,9,9,9,11,11,9,11,9,9,9,11,11,9,11,9,9,11,9,9,11,9,9,11
827,397,111,77,19,103,13,25,25,9,11,9,9,9,9,9,11,11,9,9,9,9,9,11,9,9,9,11,13,11,11,9,11,11,9,9,9,9,9,11,9,9,11,9,11,11,9,11,11,11
109,533,249,63,57,41,27,9,33,9,11,11,9,9,9,9,11,9,9,9,15,11,9,9,11,9,9,11,9,9,9,11,9,9,9,11,9,9,13,11,9,9,11,9,11,9,9,9,9,9
19,193,747,39,31,11,55,9,9,9,9,9,11,9,9,11,9,9,9,9,11,11,9,11,11,9,11,15,11,9,11,9,11,9,11,9,9,9,9,9,9,9,9,9,11,11,11,9,11,9
95,101,67,157,63,11,17,9,11,21,11,9,11,9,9,9,9,9,11,9,9,11,11,13,13,11,9,9,9,9,9,9,11,9,9,11,9,13,11,9,11,9,11,9,11,11,9,9,11,9
11,37,75,73,125,41,43,11,9,11,11,9,9,9,9,9,9,9,9,11,11,9,11,9,11,9,11,9,9,9,11,9,9,9,9,11,15,11,11,9,9,11,11,9,9,9,11,9,11,11
655,965,75,103,137,93,23,13,11,11,9,9,9,9,9,9,9,9,9,9,9,9,9,13,9,11,9,11,9,11,11,9,11,9,11,9,9,9,11,9,15,9,9,9,9,11,11,9,11,9
431,75,147,21,79,11,47,13,35,9,9,9,9,9,9,9,9,11,9,9,11,11,9,15,13,9,11,11,11,11,9,11,9,9,11,9,9,9,13,11,11,9,11,13,9,11,11,9,11,11
303,1000,225,157,29,11,9,21,13,11,9,9,9,11,9,9,9,9,9,9,9,11,9,13,9,11,9,11,9,11,9,13,9,9,9,9,9,9,9,9,11,11,9,9,11,9,9,11,9,9
37,33,271,15,65,15,19,37,9,9,9,9,9,9,9,9,9,9,9,9,9,11,9,11,11,9,11,11,9,9,11,11,11,9,11,9,9,11,9,11,9,9,11,11,9,9,9,11,11,9
85,95,15,21,71,129,61,19,9,9,9,9,9,9,9,9,9,9,9,11,11,9,11,9,9,11,9,11,9,9,11,9,13,9,9,9,9,11,11,9,9,9,9,9,9,9,9,9,9,9
21,61,103,147,11,19,23,9,19,9,9,9,9,9,9,9,9,11,9,11,11,13,9,11,11,9,9,9,9,9,9,9,9,11,9,9,9,9,11,11,9,9,9,9,11,9,9,15,9,11
13,895,161,93,39,117,101,21,27,13,9,9,9,11,9,9,9,9,9,9,9,9,9,9,11,9,9,9,9,9,11,9,9,11,11,11,9,11,11,11,11,9,11,9,9,11,9,9,9,11
123,59,85,155,37,91,51,21,9,11,9,9,9,9,9,9,9,9,9,9,13,9,9,11,9,9,11,9,9,11,11,11,9,9,9,9,13,9,9,9,11,9,11,9,9,9,9,9,11,9
193,279,27,95,85,29,29,15,9,9,9,9,11,9,9,9,9,9,9,9,9,11,9,9,11,17,9,9,9,11,9,9,11,9,9,11,11,9,9,9,9,11,9,9,9,13,11,9,11,11
163,131,57,103,63,23,11,9,9,11,9,9,9,9,9,9,9,11,11,9,9,11,9,9,9,9,11,13,11,11,9,23,9,11,9,9,9,13,9,11,9,9,9,9,9,11,9,9,11,9
23,11,77,57,119,27,19,27,15,9,9,9,9,11,9,9,9,9,9,9,11,9,9,9,11,11,9,11,9,9,11,9,9,11,9,13,9,11,11,9,11,9,9,9,11,11,11,11,11,9
187,201,79,541,29,47,9,43,19,9,9,9,9,9,9,9,9,11,9,9,9,11,9,9,9,9,9,11,11,11,9,9,11,13,9,13,9,11,9,9,9,9,9,9,9,11,9,11,11,11
33,19,63,57,67,17,17,19,11,9,9,9,9,9,11,11,13,9,11,9,9,9,11,9,9,11,9,11,9,13,9,9,13,9,9,9,11,11,11,9,11,9,11,11,11,9,9,11,11,11
149,173,61,157,125,25,25,35,9,11,9,13,9,9,9,9,11,9,9,11,9,9,9,11,11,9,9,9,11,11,11,11,9,9,9,11,9,11,11,11,13,9,9,9,9,9,11,9,9,9
325,147,31,185,103,13,93,13,31,9,9,9,9,9,9,9,9,9,11,11,9,9,9,11,9,9,9,11,9,11,9,11,11,9,9,9,9,9,11,13,13,11,13,9,9,13,13,11,11,11
269,163,27,37,31,13,21,9,9,9,9,9,9,9,9,9,9,13,9,11,9,9,11,11,11,11,9,9,9,11,9,9,9,11,11,9,9,9,11,9,9,9,9,9,9,13,9,9,11,9
275,299,399,59,19,9,13,37,11,13,9,9,9,11,9,11,9,11,11,9,9,11,9,11,9,13,9,11,9,9,9,9,11,11,9,11,9,9,9,13,9,9,13,9,11,9,13,9,13,9
65,149,421,85,37,83,39,61,9,9,11,9,9,9,13,9,9,9,11,9,9,11,9,11,11,15,11,11,9,9,9,11,9,9,11,9,11,9,9,11,9,9,11,11,9,11,9,11,11,13
343,401,103,257,177,87,35,55,13,9,9,9,9,9,9,9,9,9,9,9,9,9,11,11,9,9,11,11,9,9,9,11,11,9,11,9,9,9,9,9,9,11,11,9,11,9,13,9,11,9
87,95,21,129,55,71,61,93,25,13,9,11,11,9,9,9,9,9,11,9,11,9,9,9,9,9,11,9,11,11,9,9,13,9,9,19,11,9,9,11,9,11,11,9,13,13,13,11,11,11
107,269,17,17,79,81,27,11,25,11,9,9,9,9,11,9,9,9,9,11,9,11,9,11,11,9,9,9,9,11,11,11,9,11,15,11,11,11,11,9,9,11,9,9,9,9,9,9,9,9
115,45,29,15,111,53,11,21,9,11,9,9,9,9,9,9,9,9,9,9,9,9,9,9,9,9,9,11,11,11,11,9,11,11,11,9,9,9,11,9,11,9,9,11,9,9,11,9,11,9
783,9,191,71,13,11,15,15,17,9,11,9,9,9,9,9,9,9,13,9,11,11,9,9,11,9,9,13,15,11,11,9,9,9,9,11,9,9,11,9,13,11,9,11,11,13,9,9,11,9
373,201,57,109,73,21,77,59,17,9,9,9,9,9,9,9,9,9,9,11,9,9,11,9,11,9,11,11,9,9,9,9,9,11,9,9,9,9,9,9,9,11,11,9,11,9,11,11,9,11
99,395,459,43,17,21,13,43,9,17,11,9,9,9,13,9,9,9,11,9,9,11,9,9,11,13,9,11,9,11,9,11,9,11,9,11,9,9,9,11,11,11,9,9,11,11,19,11,9,13
201,423,29,111,57,9,21,13,11,9,9,9,11,9,9,9,9,9,9,9,11,9,9,11,11,9,9,11,9,9,9,9,9,9,13,11,13,11,9,9,11,9,13,9,11,11,9,9,11,11
37,285,75,45,45,11,13,25,9,9,9,9,9,9,9,9,11,9,9,9,9,9,9,9,9,9,9,9,9,11,13,11,11,9,11,9,11,9,11,9,9,11,11,9,9,9,11,9,11,11
333,453,29,229,29,23,11,9,9,9,9,9,9,9,9,11,9,9,9,9,9,9,9,11,9,9,9,9,9,9,9,13,9,9,9,9,9,9,11,9,11,11,11,11,11,9,9,9,11,11
499,25,281,195,19,11,39,37,9,9,9,9,9,9,9,11,11,13,9,9,11,9,9,13,9,11,9,9,9,11,11,11,9,11,9,11,11,9,11,11,11,9,11,11,13,9,9,9,11,9
171,65,139,411,15,67,15,9,9,9,9,9,9,9,9,9,9,9,11,9,9,9,9,9,11,9,9,13,11,9,11,9,11,9,11,11,11,13,9,9,9,9,11,13,11,9,9,9,11,9
251,127,249,45,41,15,47,19,29,9,9,9,9,9,9,9,9,9,11,9,9,9,11,11,9,11,13,9,13,11,11,9,13,11,9,9,9,9,9,21,11,11,15,9,9,9,9,9,9,9
569,37,255,453,73,23,19,15,11,9,9,9,9,11,9,11,9,9,9,11,13,9,11,9,11,9,9,11,11,9,9,15,11,9,11,11,9,9,9,9,9,11,9,35,11,9,11,11,9,11
151,119,59,13,27,9,63,9,15,11,9,11,11,9,9,9,9,9,11,11,13,11,11,9,9,9,11,9,9,9,9,11,11,9,11,11,9,9,11,9,11,9,9,9,9,9,11,11,11,11
39,115,59,11,51,59,13,67,11,9,9,9,9,9,9,9,9,9,11,9,9,9,11,9,11,9,11,11,9,11,11,9,11,11,9,11,9,9,11,11,11,9,11,9,9,11,11,9,11,11
15,255,85,129,49,11,21,15,11,15,9,9,9,11,11,11,9,9,11,9,9,9,11,13,11,9,11,9,9,9,9,9,9,9,9,9,11,9,9,11,11,11,9,9,11,11,9,9,11,9
11,13,63,221,117,69,13,11,9,11,9,9,9,9,9,9,11,9,9,9,9,11,9,9,9,11,9,11,13,11,9,9,11,9,11,13,11,9,9,9,11,11,11,13,9,11,11,11,11,11
237,135,561,145,17,59,9,65,9,9,9,9,9,9,9,9,9,11,9,9,11,9,11,9,9,9,13,11,9,13,15,13,9,11,9,11,11,9,11,9,11,13,11,11,9,11,11,11,11,9
265,963,27,341,175,13,59,21,9,9,11,9,9,9,9,9,11,9,13,9,9,9,9,11,11,9,11,9,9,13,9,11,11,9,9,9,11,9,9,9,11,9,11,9,11,11,9,9,9,9
607,37,27,23,63,161,31,11,27,9,9,9,9,9,11,11,11,9,9,11,11,9,9,11,13,9,11,9,9,9,9,11,9,11,11,11,15,11,9,11,9,9,11,9,9,9,9,13,9,9
35,39,33,145,105,59,41,9,21,13,9,9,9,9,9,9,9,11,11,9,9,11,9,11,9,11,9,11,11,9,13,11,11,9,11,11,11,11,9,11,11,11,9,9,9,11,11,9,11,11
509,59,75,131,87,83,19,9,23,11,9,11,11,9,9,9,13,11,9,11,9,9,9,9,9,9,9,9,11,11,11,11,9,9,11,11,11,11,11,13,9,9,9,11,11,11,11,9,11,9
45,579,23,23,49,117,13,9,11,9,11,9,11,9,9,11,9,9,9,13,9,9,9,11,9,11,9,11,11,9,9,13,9,11,9,9,11,9,9,11,9,9,11,9,11,11,11,9,11,11
43,301,431,27,33,21,95,11,15,11,11,9,9,9,11,11,11,9,9,9,9,11,11,9,9,13,9,11,11,11,13,11,9,11,13,9,11,11,9,11,9,11,9,9,9,9,9,9,11,11
43,309,31,37,29,19,19,37,11,9,9,9,9,9,9,9,11,9,11,9,9,11,9,9,9,9,9,11,13,13,13,11,9,11,11,9,11,9,11,11,9,9,11,11,9,9,9,11,11,9
257,55,269,11,9,193,21,25,21,13,11,9,9,9,9,9,11,9,9,9,9,9,9,11,11,9,9,9,9,11,11,11,11,9,11,9,11,11,9,11,9,9,11,9,9,13,9,9,13,9
203,197,41,59,99,27,19,13,13,11,9,9,9,9,9,11,9,9,9,11,9,9,11,11,9,11,9,9,9,11,9,9,9,11,9,13,9,11,9,9,11,9,11,9,9,9,11,9,11,9
397,263,11,161,81,9,63,23,23,9,9,9,9,9,9,9,11,9,9,9,9,13,9,9,9,9,11,13,11,11,9,9,9,9,9,11,9,9,9,11,9,9,9,9,9,9,9,9,11,9
65,51,35,27,75,31,29,27,11,11,9,9,11,9,9,9,11,9,9,15,11,9,9,9,9,9,11,9,9,11,11,9,9,9,11,11,11,9,9,9,13,11,11,11,11,9,9,9,9,11
41,173,39,99,231,13,9,11,9,11,9,11,9,9,9,9,9,9,9,9,9,15,11,9,9,9,9,9,9,9,13,11,9,9,9,9,11,13,11,13,9,11,11,9,11,9,11,9,9,11
67,85,185,65,265,23,11,9,15,9,9,9,11,9,9,11,9,15,9,9,9,9,9,11,11,9,9,11,9,11,9,9,11,9,11,11,13,9,11,9,9,9,9,9,9,25,11,11,9,11
179,15,19,151,155,117,15,13,11,9,9,9,9,9,9,9,11,9,9,9,9,9,11,11,9,9,11,11,9,11,11,9,11,9,13,9,9,9,9,11,11,11,9,11,9,11,9,11,9,9
287,59,103,49,255,15,11,21,19,9,9,9,9,9,9,9,9,9,11,9,13,9,9,11,9,9,11,11,9,9,11,13,9,9,9,9,9,9,9,11,9,9,11,9,9,9,9,11,9,9
13,349,83,255,39,9,23,17,9,11,9,9,13,9,9,11,11,11,9,9,9,9,9,11,9,9,9,11,9,9,9,11,11,9,11,9,11,9,9,9,11,11,9,11,11,9,11,9,9,9
15,115,127,99,37,35,15,43,11,21,9,9,11,9,9,9,11,9,9,9,13,11,11,11,13,13,11,9,9,9,9,11,9,9,11,9,11,9,9,9,9,9,9,9,11,11,9,11,9,9
213,83,31,185,37,61,27,17,13,9,9,9,9,9,9,11,9,9,9,9,11,9,11,9,11,9,9,9,9,9,9,13,11,9,9,9,9,11,9,15,11,9,11,9,11,11,9,9,11,9
405,13,225,97,31,53,37,11,17,13,17,9,11,9,9,9,9,9,9,9,9,11,9,11,11,9,11,11,13,13,9,9,11,11,9,9,9,9,9,9,11,9,9,9,9,9,9,9,11,11
741,9,209,89,37,13,9,59,9,11,11,11,9,11,9,9,9,9,9,9,9,11,9,9,11,9,9,11,9,13,11,9,9,9,9,11,11,11,11,9,9,9,9,9,11,9,11,11,11,9
45,39,441,143,29,51,21,19,17,9,9,9,11,9,9,11,9,9,11,9,9,9,11,9,9,11,11,11,9,9,11,13,11,9,11,11,9,9,11,9,9,11,9,9,9,9,9,9,11,11
273,145,55,27,75,23,41,9,13,11,9,9,9,9,9,9,9,11,9,9,9,11,9,11,11,9,9,9,9,11,11,11,9,11,13,11,11,11,11,11,11,9,13,9,9,9,9,9,9,9
327,11,77,395,23,29,11,21,13,11,9,9,9,9,9,9,9,9,9,9,9,9,11,9,9,9,9,13,9,9,9,13,9,9,11,11,11,11,13,9,11,11,11,11,11,11,9,11,9,9
449,21,187,99,179,181,25,9,13,9,9,9,9,9,13,11,9,9,11,9,9,9,9,11,11,11,11,9,13,9,9,11,9,11,11,11,11,11,9,9,9,11,9,11,11,11,9,9,11,9
33,403,83,67,21,15,17,33,25,9,9,9,9,9,9,11,9,11,9,9,9,9,9,9,9,9,11,11,9,11,11,9,11,9,9,9,11,9,11,9,9,9,13,11,9,11,11,11,15,9
677,63,37,119,17,99,23,65,9,9,9,9,9,9,9,9,9,13,9,11,11,13,11,9,11,9,11,11,9,9,11,9,9,11,11,11,11,9,11,11,11,9,9,9,9,9,11,9,9,11
83,167,151,91,31,17,29,9,15,9,13,9,9,9,11,11,9,9,9,9,11,9,9,11,11,11,9,11,9,11,11,9,11,9,9,11,11,11,9,11,11,11,9,9,11,9,11,11,9,11
427,501,79,23,111,93,11,9,9,11,9,9,9,9,11,9,9,9,9,9,11,9,11,9,11,9,9,9,9,11,13,9,9,13,9,9,9,11,9,11,9,11,9,9,11,11,9,13,13,11
227,23,253,33,15,21,15,17,19,11,9,9,9,9,9,9,9,9,9,9,11,9,9,13,11,9,9,9,9,9,9,9,9,13,13,9,9,9,9,9,11,9,11,11,11,9,9,9,9,9
