0.98,0.98,0.97,0.97,0.96,0.97,0.97,0.97,0.97,0.98,0.97,0.97,0.98,0.97,0.96
0.98,0.98,0.97,0.97,0.97,0.97,0.97,0.97,0.97,0.98,0.97,0.98,0.97,0.97,0.97
0.98,0.98,0.98,0.98,0.97,0.98,0.97,0.97,0.97,0.98,0.97,0.97,0.98,0.98,0.98
0.98,0.98,0.97,0.98,0.97,0.96,0.96,0.97,0.97,0.97,0.97,0.97,0.97,0.97,0.97
0.98,0.98,0.97,0.98,0.97,0.97,0.97,0.98,0.98,0.97,0.98,0.97,0.98,0.97,0.97
0.98,0.98,0.98,0.98,0.97,0.97,0.98,0.97,0.97,0.97,0.97,0.97,0.98,0.97,0.98
0.98,0.98,0.98,0.98,0.97,0.98,0.97,0.97,0.97,0.97,0.98,0.97,0.98,0.97,0.97
0.98,0.98,0.98,0.98,0.97,0.98,0.97,0.97,0.97,0.97,0.98,0.97,0.97,0.97,0.97
0.98,0.98,0.98,0.97,0.97,0.97,0.96,0.97,0.98,0.97,0.97,0.98,0.98,0.97,0.97
0.98,0.98,0.97,0.98,0.97,0.97,0.98,0.98,0.97,0.97,0.97,0.97,0.97,0.98,0.97
0.98,0.98,0.97,0.97,0.97,0.98,0.97,0.97,0.97,0.97,0.97,0.98,0.98,0.98,0.97
0.98,0.98,0.97,0.97,0.97,0.97,0.98,0.97,0.97,0.97,0.97,0.97,0.97,0.97,0.98
0.98,0.98,0.98,0.98,0.98,0.97,0.98,0.97,0.97,0.98,0.98,0.97,0.98,0.97,0.97
0.98,0.98,0.98,0.97,0.97,0.97,0.98,0.97,0.97,0.97,0.97,0.98,0.97,0.97,0.97
0.98,0.98,0.97,0.98,0.98,0.97,0.97,0.97,0.97,0.97,0.97,0.97,0.97,0.97,0.97
0.98,0.98,0.97,0.98,0.97,0.97,0.97,0.97,0.97,0.98,0.97,0.97,0.97,0.98,0.97
0.98,0.98,0.97,0.98,0.97,0.97,0.97,0.98,0.97,0.98,0.97,0.97,0.97,0.97,0.97
0.98,0.98,0.97,0.98,0.97,0.97,0.98,0.97,0.98,0.97,0.97,0.97,0.97,0.97,0.97
0.98,0.98,0.98,0.98,0.97,0.97,0.97,0.97,0.96,0.98,0.97,0.97,0.97,0.97,0.97
0.98,0.98,0.98,0.98,0.97,0.97,0.97,0.97,0.97,0.98,0.97,0.98,0.97,0.97,0.97
0.98,0.98,0.97,0.98,0.98,0.97,0.97,0.97,0.97,0.97,0.97,0.97,0.97,0.97,0.97
0.98,0.98,0.97,0.98,0.97,0.97,0.97,0.97,0.97,0.97,0.98,0.96,0.97,0.98,0.97
0.98,0.98,0.98,0.97,0.97,0.97,0.98,0.97,0.97,0.97,0.97,0.97,0.97,0.97,0.97
0.98,0.98,0.98,0.98,0.98,0.97,0.98,0.97,0.97,0.98,0.97,0.98,0.97,0.97,0.97
0.98,0.98,0.97,0.98,0.97,0.97,0.97,0.97,0.97,0.98,0.99,0.97,0.97,0.97,0.97
0.98,0.98,0.98,0.98,0.96,0.97,0.98,0.97,0.97,0.97,0.97,0.97,0.97,0.97,0.97
0.98,0.98,0.98,0.97,0.98,0.96,0.97,0.97,0.97,0.97,0.97,0.97,0.97,0.97,0.97
0.98,0.98,0.97,0.98,0.98,0.98,0.98,0.97,0.97,0.98,0.97,0.97,0.98,0.97,0.98
0.98,0.98,0.97,0.98,0.97,0.97,0.98,0.98,0.97,0.97,0.97,0.98,0.97,0.97,0.97
0.98,0.98,0.98,0.98,0.98,0.98,0.98,0.98,0.97,0.98,0.98,0.97,0.98,0.97,0.97
0.98,0.98,0.98,0.97,0.97,0.97,0.97,0.98,0.97,0.98,0.97,0.96,0.98,0.97,0.98
0.98,0.98,0.97,0.98,0.97,0.98,0.97,0.98,0.97,0.97,0.97,0.97,0.97,0.97,0.97
0.98,0.98,0.98,0.97,0.97,0.97,0.97,0.97,0.97,0.97,0.97,0.97,0.97,0.97,0.97
0.98,0.98,0.97,0.97,0.98,0.96,0.96,0.98,0.97,0.97,0.97,0.98,0.98,0.97,0.98
0.98,0.98,0.98,0.98,0.98,0.97,0.97,0.97,0.97,0.97,0.97,0.98,0.97,0.97,0.97
0.98,0.98,0.97,0.98,0.98,0.98,0.97,0.97,0.97,0.98,0.97,0.97,0.98,0.97,0.97
0.98,0.98,0.97,0.98,0.97,0.97,0.97,0.98,0.97,0.97,0.97,0.98,0.97,0.97,0.97
0.98,0.98,0.97,0.98,0.97,0.98,0.97,0.97,0.97,0.97,0.97,0.97,0.97,0.97,0.97
0.98,0.98,0.97,0.98,0.98,0.98,0.98,0.97,0.97,0.97,0.97,0.97,0.98,0.97,0.97
0.98,0.98,0.98,0.98,0.97,0.97,0.97,0.97,0.97,0.97,0.97,0.97,0.98,0.97,0.97
0.98,0.98,0.97,0.97,0.97,0.96,0.97,0.97,0.97,0.97,0.97,0.97,0.97,0.97,0.97
0.98,0.98,0.98,0.97,0.96,0.98,0.97,0.97,0.97,0.97,0.97,0.97,0.97,0.97,0.97
0.98,0.98,0.97,0.97,0.97,0.98,0.97,0.97,0.98,0.97,0.97,0.97,0.97,0.97,0.97
0.98,0.98,0.98,0.97,0.97,0.97,0.97,0.98,0.97,0.97,0.97,0.98,0.97,0.97,0.98
0.98,0.98,0.97,0.97,0.97,0.98,0.98,0.98,0.97,0.97,0.97,0.98,0.97,0.98,0.97
0.98,0.98,0.97,0.97,0.97,0.96,0.97,0.97,0.97,0.98,0.97,0.97,0.97,0.97,0.98
0.98,0.98,0.98,0.98,0.98,0.97,0.97,0.97,0.97,0.98,0.98,0.98,0.98,0.97,0.97
0.98,0.98,0.98,0.98,0.97,0.98,0.98,0.97,0.97,0.97,0.97,0.97,0.97,0.97,0.97
0.98,0.98,0.98,0.98,0.97,0.98,0.97,0.98,0.97,0.97,0.97,0.97,0.97,0.97,0.97
0.98,0.98,0.97,0.98,0.98,0.98,0.98,0.97,0.98,0.97,0.97,0.97,0.97,0.98,0.97
0.98,0.98,0.98,0.98,0.97,0.97,0.98,0.97,0.98,0.97,0.97,0.97,0.98,0.97,0.98
0.98,0.98,0.98,0.98,0.97,0.96,0.97,0.98,0.98,0.97,0.97,0.98,0.97,0.97,0.97
0.98,0.98,0.98,0.98,0.97,0.97,0.96,0.97,0.98,0.97,0.97,0.97,0.97,0.97,0.97
0.98,0.98,0.98,0.97,0.97,0.97,0.97,0.98,0.98,0.97,0.97,0.97,0.97,0.98,0.98
0.98,0.98,0.97,0.97,0.98,0.97,0.97,0.97,0.98,0.97,0.97,0.97,0.97,0.98,0.97
0.98,0.98,0.98,0.98,0.98,0.97,0.98,0.97,0.97,0.96,0.97,0.97,0.97,0.98,0.97
0.98,0.98,0.97,0.97,0.98,0.98,0.97,0.98,0.97,0.98,0.97,0.97,0.97,0.97,0.97
0.98,0.98,0.98,0.98,0.98,0.96,0.97,0.98,0.97,0.97,0.97,0.97,0.97,0.97,0.98
0.98,0.98,0.98,0.98,0.97,0.97,0.97,0.98,0.98,0.97,0.97,0.97,0.97,0.97,0.97
0.98,0.98,0.97,0.97,0.98,0.98,0.97,0.97,0.97,0.98,0.97,0.97,0.97,0.97,0.97
0.98,0.98,0.98,0.98,0.97,0.98,0.98,0.97,0.97,0.97,0.97,0.97,0.97,0.97,0.98
0.98,0.98,0.98,0.97,0.96,0.97,0.98,0.97,0.97,0.98,0.97,0.98,0.98,0.98,0.97
0.98,0.98,0.98,0.98,0.96,0.97,0.96,0.97,0.97,0.97,0.97,0.97,0.97,0.97,0.98
0.98,0.98,0.98,0.98,0.97,0.96,0.97,0.98,0.97,0.98,0.97,0.97,0.97,0.97,0.97
0.98,0.98,0.97,0.98,0.98,0.96,0.97,0.97,0.98,0.97,0.97,0.97,0.97,0.98,0.98
0.98,0.98,0.97,0.97,0.97,0.98,0.97,0.97,0.97,0.97,0.97,0.97,0.97,0.98,0.97
0.98,0.98,0.98,0.97,0.97,0.97,0.97,0.98,0.97,0.97,0.98,0.97,0.97,0.98,0.97
0.98,0.98,0.98,0.97,0.98,0.97,0.97,0.98,0.98,0.97,0.97,0.97,0.98,0.98,0.97
0.98,0.98,0.98,0.98,0.98,0.97,0.97,0.98,0.97,0.98,0.97,0.96,0.97,0.97,0.97
0.98,0.98,0.97,0.98,0.97,0.97,0.97,0.97,0.98,0.97,0.97,0.97,0.97,0.97,0.98
0.98,0.98,0.98,0.97,0.97,0.97,0.98,0.97,0.97,0.98,0.97,0.97,0.97,0.97,0.97
0.98,0.98,0.98,0.97,0.98,0.97,0.97,0.97,0.97,0.97,0.98,0.97,0.97,0.98,0.98
0.98,0.98,0.97,0.98,0.97,0.96,0.98,0.97,0.97,0.97,0.97,0.97,0.97,0.98,0.97
0.98,0.98,0.97,0.97,0.97,0.97,0.97,0.97,0.97,0.98,0.97,0.97,0.97,0.98,0.97
0.98,0.98,0.97,0.98,0.97,0.97,0.97,0.97,0.97,0.97,0.97,0.97,0.98,0.98,0.97
0.98,0.98,0.97,0.97,0.98,0.97,0.97,0.98,0.97,0.97,0.97,0.97,0.97,0.97,0.98
0.98,0.98,0.98,0.97,0.98,0.97,0.98,0.98,0.97,0.97,0.97,0.97,0.97,0.97,0.98
0.98,0.98,0.97,0.97,0.97,0.97,0.97,0.97,0.97,0.98,0.97,0.97,0.97,0.97,0.97
0.98,0.98,0.98,0.97,0.97,0.97,0.97,0.98,0.98,0.97,0.97,0.97,0.97,0.97,0.97
0.98,0.98,0.98,0.98,0.96,0.97,0.98,0.97,0.97,0.97,0.97,0.98,0.97,0.98,0.97
0.98,0.98,0.97,0.97,0.98,0.98,0.98,0.98,0.97,0.97,0.98,0.97,0.97,0.97,0.97
0.98,0.98,0.98,0.97,0.98,0.97,0.98,0.97,0.97,0.97,0.97,0.97,0.97,0.97,0.98
0.98,0.98,0.97,0.97,0.98,0.98,0.97,0.97,0.97,0.97,0.97,0.97,0.97,0.97,0.97
0.98,0.98,0.98,0.98,0.97,0.98,0.97,0.97,0.97,0.98,0.97,0.97,0.97,0.97,0.97
0.98,0.98,0.98,0.98,0.97,0.98,0.97,0.98,0.97,0.98,0.97,0.97,0.98,0.98,0.97
0.98,0.98,0.97,0.97,0.97,0.97,0.98,0.97,0.97,0.97,0.97,0.98,0.97,0.97,0.97
0.98,0.98,0.97,0.98,0.97,0.97,0.97,0.97,0.98,0.97,0.97,0.97,0.97,0.97,0.97
0.98,0.98,0.97,0.98,0.97,0.97,0.97,0.98,0.97,0.97,0.97,0.98,0.97,0.97,0.97
0.98,0.98,0.98,0.98,0.98,0.97,0.97,0.97,0.97,0.97,0.97,0.97,0.98,0.97,0.97
0.98,0.98,0.98,0.97,0.97,0.97,0.97,0.97,0.98,0.98,0.97,0.98,0.97,0.97,0.97
0.98,0.98,0.97,0.97,0.98,0.98,0.97,0.96,0.97,0.98,0.97,0.97,0.97,0.98,0.97
0.98,0.98,0.98,0.98,0.97,0.97,0.97,0.97,0.97,0.98,0.98,0.96,0.97,0.97,0.98
0.98,0.98,0.98,0.97,0.98,0.98,0.98,0.97,0.97,0.97,0.97,0.97,0.97,0.97,0.97
0.98,0.98,0.98,0.98,0.97,0.98,0.98,0.97,0.96,0.97,0.97,0.98,0.97,0.97,0.98
0.98,0.98,0.97,0.98,0.97,0.97,0.97,0.98,0.98,0.97,0.97,0.97,0.97,0.97,0.97
0.98,0.98,0.97,0.98,0.97,0.97,0.97,0.98,0.98,0.97,0.97,0.97,0.97,0.97,0.97
0.98,0.98,0.98,0.98,0.98,0.97,0.97,0.97,0.98,0.97,0.97,0.97,0.98,0.97,0.98
0.98,0.98,0.98,0.97,0.98,0.98,0.97,0.97,0.97,0.97,0.98,0.97,0.97,0.97,0.97
0.98,0.98,0.97,0.98,0.97,0.98,0.97,0.98,0.98,0.97,0.97,0.98,0.98,0.97,0.97
0.98,0.98,0.97,0.97,0.97,0.96,0.97,0.98,0.98,0.96,0.97,0.97,0.97,0.97,0.97
